0.02 2.611
0.03 2.581
0.04 2.55
0.05 2.518
0.06 2.486
0.07 2.452
0.08 2.418
0.09 2.383
0.1 2.346
0.11 2.309
0.12 2.271
0.13 2.231
0.14 2.191
0.15 2.15
0.16 2.107
0.17 2.063
0.18 2.019
0.19 1.973
0.2 1.925
0.21 1.877
0.22 1.826
0.23 1.774
0.24 1.721
0.25 1.666
0.26 1.611
0.27 1.553
0.28 1.495
0.29 1.435
0.3 1.374
0.31 1.311
0.32 1.248
0.33 1.183
0.34 1.116
0.35 1.047
0.36 0.978
0.37 0.908
0.38 0.836
0.39 0.764
0.4 0.691
0.41 0.617
0.42 0.542
0.43 0.466
0.44 0.39
0.45 0.313
0.46 0.236
0.47 0.158
0.48 0.08
0.49 0.002
0.5 -0.076
0.51 -0.154
0.52 -0.231
0.53 -0.309
0.54 -0.386
0.55 -0.463
0.56 -0.54
0.57 -0.616
0.58 -0.692
0.59 -0.766
0.6 -0.839
0.61 -0.911
0.62 -0.981
0.63 -1.05
0.64 -1.117
0.65 -1.183
0.66 -1.248
0.67 -1.312
0.68 -1.375
0.69 -1.436
0.7 -1.495
0.71 -1.554
0.72 -1.61
0.73 -1.665
0.74 -1.719
0.75 -1.77
0.76 -1.821
0.77 -1.87
0.78 -1.917
0.79 -1.963
0.8 -2.007
0.81 -2.05
0.82 -2.092
0.83 -2.132
0.84 -2.171
0.85 -2.208
0.86 -2.245
0.87 -2.28
0.88 -2.314
0.89 -2.348
0.9 -2.38
0.91 -2.412
0.92 -2.442
0.93 -2.472
0.94 -2.501
0.95 -2.529
0.96 -2.556
0.97 -2.583
0.98 -2.608
0.99 -2.634
1.0 -2.658
1.01 -2.682
1.02 -2.705
1.03 -2.727
1.04 -2.748
1.05 -2.769
1.06 -2.789
1.07 -2.808
1.08 -2.827
1.09 -2.846
1.1 -2.864
1.11 -2.882
1.12 -2.899
1.13 -2.915
1.14 -2.931
1.15 -2.947
1.16 -2.963
1.17 -2.978
1.18 -2.993
1.19 -3.008
1.2 -3.024
1.21 -3.039
1.22 -3.054
1.23 -3.069
1.24 -3.084
1.25 -3.1
1.26 -3.115
1.27 -3.13
1.28 -3.145
1.29 -3.161
1.3 -3.176
1.31 -3.191
1.32 -3.207
1.33 -3.222
1.34 -3.238
1.35 -3.253
1.36 -3.269
1.37 -3.284
1.38 -3.299
1.39 -3.315
1.4 -3.331
1.41 -3.346
1.42 -3.362
1.43 -3.377
1.44 -3.393
1.45 -3.409
1.46 -3.425
1.47 -3.44
1.48 -3.457
1.49 -3.473
1.5 -3.489
1.51 -3.506
1.52 -3.523
1.53 -3.541
1.54 -3.559
1.55 -3.579
1.56 -3.599
1.57 -3.619
1.58 -3.64
1.59 -3.662
1.6 -3.685
1.61 -3.709
1.62 -3.733
1.63 -3.758
1.64 -3.784
1.65 -3.811
1.66 -3.838
1.67 -3.865
1.68 -3.894
1.69 -3.923
1.7 -3.954
1.71 -3.986
1.72 -4.02
1.73 -4.054
1.74 -4.09
1.75 -4.127
1.76 -4.165
1.77 -4.204
1.78 -4.244
1.79 -4.285
1.8 -4.327
1.81 -4.37
1.82 -4.415
1.83 -4.461
1.84 -4.508
1.85 -4.557
1.86 -4.607
1.87 -4.66
1.88 -4.713
1.89 -4.768
1.9 -4.824
1.91 -4.881
1.92 -4.94
1.93 -5.0
1.94 -5.061
1.95 -5.124
1.96 -5.188
1.97 -5.253
1.98 -5.319
1.99 -5.386
2.0 -5.455
2.01 -5.525
2.02 -5.596
2.03 -5.668
2.04 -5.741
2.05 -5.814
2.06 -5.888
2.07 -5.962
2.08 -6.038
2.09 -6.113
2.1 -6.189
2.11 -6.265
2.12 -6.34
2.13 -6.416
2.14 -6.491
2.15 -6.566
2.16 -6.64
2.17 -6.714
2.18 -6.787
2.19 -6.86
2.2 -6.931
2.21 -7.002
2.22 -7.071
2.23 -7.138
2.24 -7.204
2.25 -7.269
2.26 -7.333
2.27 -7.396
2.28 -7.458
2.29 -7.518
2.3 -7.577
2.31 -7.635
2.32 -7.692
2.33 -7.747
2.34 -7.8
2.35 -7.852
2.36 -7.902
2.37 -7.951
2.38 -7.999
2.39 -8.046
2.4 -8.091
2.41 -8.134
2.42 -8.176
2.43 -8.216
2.44 -8.255
2.45 -8.293
2.46 -8.329
2.47 -8.363
2.48 -8.396
2.49 -8.427
2.5 -8.457
2.51 -8.486
2.52 -8.514
2.53 -8.54
2.54 -8.566
2.55 -8.59
2.56 -8.614
2.57 -8.636
2.58 -8.658
2.59 -8.68
2.6 -8.7
2.61 -8.719
2.62 -8.737
2.63 -8.755
2.64 -8.771
2.65 -8.786
2.66 -8.8
2.67 -8.814
2.68 -8.825
2.69 -8.836
2.7 -8.846
2.71 -8.856
2.72 -8.864
2.73 -8.872
2.74 -8.879
2.75 -8.886
2.76 -8.891
2.77 -8.897
2.78 -8.901
2.79 -8.905
2.8 -8.908
2.81 -8.91
2.82 -8.911
2.83 -8.912
2.84 -8.912
2.85 -8.911
2.86 -8.909
2.87 -8.907
2.88 -8.904
2.89 -8.9
2.9 -8.896
2.91 -8.891
2.92 -8.885
2.93 -8.878
2.94 -8.871
2.95 -8.863
2.96 -8.854
2.97 -8.844
2.98 -8.833
2.99 -8.822
3.0 -8.809
3.01 -8.795
3.02 -8.781
3.03 -8.765
3.04 -8.749
3.05 -8.731
3.06 -8.713
3.07 -8.694
3.08 -8.674
3.09 -8.652
3.1 -8.63
3.11 -8.606
3.12 -8.581
3.13 -8.556
3.14 -8.529
3.15 -8.501
3.16 -8.472
3.17 -8.442
3.18 -8.411
3.19 -8.379
3.2 -8.346
3.21 -8.311
3.22 -8.275
3.23 -8.238
3.24 -8.2
3.25 -8.161
3.26 -8.121
3.27 -8.079
3.28 -8.036
3.29 -7.991
3.3 -7.944
3.31 -7.897
3.32 -7.849
3.33 -7.798
3.34 -7.746
3.34 -7.746
3.35 -7.693
3.36 -7.638
3.37 -7.582
3.38 -7.524
3.39 -7.465
3.4 -7.405
3.41 -7.343
3.42 -7.279
3.43 -7.215
3.44 -7.149
3.45 -7.082
3.46 -7.014
3.47 -6.946
3.48 -6.876
3.49 -6.806
3.5 -6.736
3.51 -6.665
3.52 -6.593
3.53 -6.521
3.54 -6.449
3.55 -6.378
3.56 -6.306
3.57 -6.234
3.58 -6.162
3.59 -6.091
3.6 -6.021
3.61 -5.951
3.62 -5.882
3.63 -5.813
3.64 -5.744
3.65 -5.676
3.66 -5.609
3.67 -5.542
3.68 -5.477
3.69 -5.413
3.7 -5.35
3.71 -5.288
3.72 -5.227
3.73 -5.167
3.74 -5.108
3.75 -5.052
3.76 -4.996
3.77 -4.943
3.78 -4.891
3.79 -4.84
3.8 -4.791
3.81 -4.743
3.82 -4.697
3.83 -4.653
3.84 -4.61
3.85 -4.568
3.86 -4.528
3.87 -4.489
3.88 -4.452
3.89 -4.416
3.9 -4.382
3.91 -4.349
3.92 -4.318
3.93 -4.288
3.94 -4.259
3.95 -4.232
3.96 -4.206
3.97 -4.181
3.98 -4.158
3.99 -4.136
4.0 -4.114
4.01 -4.095
4.02 -4.077
4.03 -4.06
4.04 -4.043
4.05 -4.028
4.06 -4.014
4.07 -4.001
4.08 -3.99
4.09 -3.98
4.1 -3.971
4.11 -3.964
4.12 -3.957
4.13 -3.951
4.14 -3.947
4.15 -3.943
4.16 -3.941
4.17 -3.941
4.18 -3.941
4.19 -3.941
4.2 -3.943
4.21 -3.946
4.22 -3.951
4.23 -3.956
4.24 -3.963
4.25 -3.971
4.26 -3.98
4.27 -3.99
4.28 -4.002
4.29 -4.014
4.3 -4.028
4.31 -4.042
4.32 -4.057
4.33 -4.073
4.34 -4.09
4.35 -4.108
4.36 -4.128
4.37 -4.149
4.38 -4.172
4.39 -4.195
4.4 -4.221
4.41 -4.247
4.42 -4.276
4.43 -4.305
4.44 -4.335
4.45 -4.367
4.46 -4.4
4.47 -4.434
4.48 -4.47
4.49 -4.507
4.5 -4.545
4.51 -4.584
4.52 -4.624
4.53 -4.666
4.54 -4.709
4.55 -4.754
4.56 -4.8
4.57 -4.847
4.58 -4.896
4.59 -4.946
4.6 -4.998
4.61 -5.051
4.62 -5.104
4.63 -5.159
4.64 -5.215
4.65 -5.273
4.66 -5.331
4.67 -5.391
4.68 -5.451
4.69 -5.513
4.7 -5.576
4.71 -5.639
4.72 -5.704
4.73 -5.77
4.74 -5.837
4.75 -5.905
4.76 -5.973
4.77 -6.041
4.78 -6.11
4.79 -6.179
4.8 -6.248
4.81 -6.316
4.82 -6.384
4.83 -6.452
4.84 -6.519
4.85 -6.586
4.86 -6.653
4.87 -6.719
4.88 -6.785
4.89 -6.85
4.9 -6.915
4.91 -6.978
4.92 -7.041
4.93 -7.103
4.94 -7.164
4.95 -7.223
4.96 -7.282
4.97 -7.339
4.98 -7.395
4.99 -7.45
5.0 -7.502
5.01 -7.554
5.02 -7.603
5.03 -7.652
5.04 -7.699
5.05 -7.745
5.06 -7.79
5.07 -7.833
5.08 -7.874
5.09 -7.914
5.1 -7.952
5.11 -7.989
5.12 -8.024
5.13 -8.057
5.14 -8.089
5.15 -8.121
5.16 -8.151
5.17 -8.18
5.18 -8.207
5.19 -8.233
5.2 -8.258
5.21 -8.281
5.22 -8.303
5.23 -8.324
5.24 -8.344
5.25 -8.362
5.26 -8.38
5.27 -8.396
5.28 -8.41
5.29 -8.424
5.3 -8.436
5.31 -8.447
5.32 -8.457
5.33 -8.466
5.34 -8.475
5.35 -8.482
5.36 -8.488
5.37 -8.493
5.38 -8.497
5.39 -8.501
5.4 -8.503
5.41 -8.503
5.42 -8.503
5.43 -8.502
5.44 -8.499
5.45 -8.495
5.46 -8.489
5.47 -8.483
5.48 -8.475
5.49 -8.466
5.5 -8.456
5.51 -8.444
5.52 -8.431
5.53 -8.417
5.54 -8.402
5.55 -8.385
5.56 -8.366
5.57 -8.346
5.58 -8.325
5.59 -8.303
5.6 -8.28
5.61 -8.255
5.62 -8.23
5.63 -8.203
5.64 -8.174
5.65 -8.145
5.66 -8.113
5.67 -8.081
5.68 -8.047
5.69 -8.011
5.7 -7.974
5.71 -7.936
5.72 -7.896
5.73 -7.854
5.74 -7.811
5.75 -7.767
5.76 -7.721
5.77 -7.673
5.78 -7.624
5.79 -7.573
5.8 -7.521
5.81 -7.468
5.82 -7.414
5.83 -7.357
5.84 -7.299
5.85 -7.239
5.86 -7.178
5.87 -7.115
5.88 -7.052
5.89 -6.987
5.9 -6.922
5.91 -6.856
5.92 -6.789
5.93 -6.721
5.94 -6.652
5.95 -6.582
5.96 -6.512
5.97 -6.441
5.98 -6.37
5.99 -6.298
6.0 -6.227
6.01 -6.157
6.02 -6.086
6.03 -6.016
6.04 -5.946
6.05 -5.876
6.06 -5.807
6.07 -5.737
6.08 -5.669
6.09 -5.602
6.1 -5.535
6.11 -5.47
6.12 -5.405
6.13 -5.342
6.14 -5.28
6.15 -5.219
6.16 -5.159
6.17 -5.101
6.18 -5.044
6.19 -4.989
6.2 -4.935
6.21 -4.883
6.22 -4.831
6.23 -4.781
6.24 -4.733
6.25 -4.685
6.26 -4.64
6.27 -4.596
6.28 -4.553
6.29 -4.512
6.3 -4.472
6.31 -4.434
6.32 -4.397
6.33 -4.361
6.34 -4.327
6.35 -4.294
6.36 -4.263
6.37 -4.233
6.38 -4.205
6.39 -4.178
6.4 -4.152
6.41 -4.127
6.42 -4.104
6.43 -4.081
6.44 -4.06
6.45 -4.04
6.46 -4.022
6.47 -4.004
6.48 -3.988
6.49 -3.973
6.5 -3.958
6.51 -3.944
6.52 -3.932
6.53 -3.92
6.54 -3.91
6.55 -3.902
6.56 -3.894
6.57 -3.887
6.58 -3.881
6.59 -3.876
6.6 -3.872
6.61 -3.869
6.62 -3.867
6.63 -3.866
6.64 -3.866
6.65 -3.866
6.66 -3.868
6.66 -3.868
6.67 -3.871
6.68 -3.875
6.69 -3.88
6.7 -3.886
6.71 -3.893
6.72 -3.902
6.73 -3.911
6.74 -3.921
6.75 -3.933
6.76 -3.945
6.77 -3.959
6.78 -3.973
6.79 -3.987
6.8 -4.003
6.81 -4.02
6.82 -4.039
6.83 -4.058
6.84 -4.078
6.85 -4.099
6.86 -4.121
6.87 -4.144
6.88 -4.168
6.89 -4.193
6.9 -4.22
6.91 -4.247
6.92 -4.276
6.93 -4.306
6.94 -4.338
6.95 -4.37
6.96 -4.404
6.97 -4.44
6.98 -4.477
6.99 -4.516
7.0 -4.556
7.01 -4.598
7.02 -4.64
7.03 -4.683
7.04 -4.728
7.05 -4.773
7.06 -4.821
7.07 -4.87
7.08 -4.92
7.09 -4.972
7.1 -5.025
7.11 -5.079
7.12 -5.135
7.13 -5.192
7.14 -5.25
7.15 -5.31
7.16 -5.37
7.17 -5.432
7.18 -5.495
7.19 -5.559
7.2 -5.624
7.21 -5.69
7.22 -5.757
7.23 -5.825
7.24 -5.893
7.25 -5.962
7.26 -6.031
7.27 -6.099
7.28 -6.168
7.29 -6.236
7.3 -6.305
7.31 -6.373
7.32 -6.441
7.33 -6.509
7.34 -6.577
7.35 -6.644
7.36 -6.71
7.37 -6.777
7.38 -6.842
7.39 -6.906
7.4 -6.971
7.41 -7.034
7.42 -7.095
7.43 -7.156
7.44 -7.216
7.45 -7.274
7.46 -7.331
7.47 -7.386
7.48 -7.439
7.49 -7.491
7.5 -7.542
7.51 -7.592
7.52 -7.64
7.53 -7.688
7.54 -7.734
7.55 -7.778
7.56 -7.821
7.57 -7.862
7.58 -7.902
7.59 -7.939
7.6 -7.975
7.61 -8.01
7.62 -8.044
7.63 -8.076
7.64 -8.107
7.65 -8.137
7.66 -8.166
7.67 -8.193
7.68 -8.219
7.69 -8.244
7.7 -8.268
7.71 -8.291
7.72 -8.312
7.73 -8.333
7.74 -8.353
7.75 -8.371
7.76 -8.388
7.77 -8.403
7.78 -8.417
7.79 -8.431
7.8 -8.442
7.81 -8.453
7.82 -8.462
7.83 -8.47
7.84 -8.477
7.85 -8.483
7.86 -8.487
7.87 -8.491
7.88 -8.494
7.89 -8.496
7.9 -8.496
7.91 -8.495
7.92 -8.493
7.93 -8.489
7.94 -8.485
7.95 -8.479
7.96 -8.472
7.97 -8.464
7.98 -8.454
7.99 -8.443
8.0 -8.43
8.01 -8.416
8.02 -8.4
8.03 -8.384
8.04 -8.365
8.05 -8.346
8.06 -8.325
8.07 -8.303
8.08 -8.279
8.09 -8.254
8.1 -8.228
8.11 -8.201
8.12 -8.172
8.13 -8.142
8.14 -8.11
8.15 -8.076
8.16 -8.042
8.17 -8.006
8.18 -7.968
8.19 -7.93
8.2 -7.89
8.21 -7.849
8.22 -7.805
8.23 -7.761
8.24 -7.715
8.25 -7.667
8.26 -7.617
8.27 -7.566
8.28 -7.513
8.29 -7.458
8.3 -7.402
8.31 -7.344
8.32 -7.284
8.33 -7.224
8.34 -7.162
8.35 -7.1
8.36 -7.037
8.37 -6.973
8.38 -6.908
8.39 -6.843
8.4 -6.776
8.41 -6.71
8.42 -6.642
8.43 -6.575
8.44 -6.507
8.45 -6.438
8.46 -6.37
8.47 -6.302
8.48 -6.233
8.49 -6.165
8.5 -6.096
8.51 -6.027
8.52 -5.959
8.53 -5.892
8.54 -5.825
8.55 -5.759
8.56 -5.694
8.57 -5.629
8.58 -5.564
8.59 -5.501
8.6 -5.438
8.61 -5.377
8.62 -5.317
8.63 -5.258
8.64 -5.2
8.65 -5.143
8.66 -5.087
8.67 -5.033
8.68 -4.979
8.69 -4.928
8.7 -4.877
8.71 -4.829
8.72 -4.782
8.73 -4.736
8.74 -4.692
8.75 -4.65
8.76 -4.609
8.77 -4.569
8.78 -4.53
8.79 -4.494
8.8 -4.458
8.81 -4.424
8.82 -4.391
8.83 -4.359
8.84 -4.329
8.85 -4.301
8.86 -4.274
8.87 -4.248
8.88 -4.223
8.89 -4.2
8.9 -4.177
8.91 -4.156
8.92 -4.137
8.93 -4.119
8.94 -4.102
8.95 -4.087
8.96 -4.073
8.97 -4.06
8.98 -4.048
8.99 -4.037
9.0 -4.028
9.01 -4.019
9.02 -4.012
9.03 -4.005
9.04 -4.0
9.05 -3.995
9.06 -3.992
9.07 -3.989
9.08 -3.988
9.09 -3.987
9.1 -3.987
9.11 -3.988
9.12 -3.99
9.13 -3.993
9.14 -3.998
9.15 -4.003
9.16 -4.009
9.17 -4.017
9.18 -4.027
9.19 -4.037
9.2 -4.049
9.21 -4.062
9.22 -4.076
9.23 -4.091
9.24 -4.108
9.25 -4.127
9.26 -4.146
9.27 -4.167
9.28 -4.189
9.29 -4.213
9.3 -4.238
9.31 -4.265
9.32 -4.293
9.33 -4.322
9.34 -4.352
9.35 -4.384
9.36 -4.416
9.37 -4.45
9.38 -4.485
9.39 -4.522
9.4 -4.56
9.41 -4.6
9.42 -4.641
9.43 -4.683
9.44 -4.727
9.45 -4.772
9.46 -4.819
9.47 -4.867
9.48 -4.915
9.49 -4.966
9.5 -5.018
9.51 -5.071
9.52 -5.125
9.53 -5.18
9.54 -5.237
9.55 -5.294
9.56 -5.353
9.57 -5.412
9.58 -5.473
9.59 -5.535
9.6 -5.598
9.61 -5.661
9.62 -5.725
9.63 -5.79
9.64 -5.856
9.65 -5.923
9.66 -5.991
9.67 -6.058
9.68 -6.127
9.69 -6.195
9.7 -6.264
9.71 -6.332
9.72 -6.4
9.73 -6.468
9.74 -6.536
9.75 -6.603
9.76 -6.669
9.77 -6.736
9.78 -6.802
9.79 -6.868
9.8 -6.933
9.81 -6.998
9.82 -7.062
9.83 -7.125
9.84 -7.187
9.85 -7.247
9.86 -7.307
9.87 -7.364
9.88 -7.42
9.89 -7.474
9.9 -7.527
9.91 -7.578
9.92 -7.628
9.93 -7.677
9.94 -7.724
9.95 -7.77
9.96 -7.815
9.97 -7.858
9.98 -7.899
