0.02 1.476
0.03 1.516
0.04 1.516
0.05 1.501
0.06 1.481
0.07 1.461
0.08 1.441
0.09 1.42
0.1 1.399
0.11 1.377
0.12 1.354
0.13 1.33
0.14 1.304
0.15 1.276
0.16 1.247
0.17 1.218
0.18 1.187
0.19 1.156
0.2 1.123
0.21 1.09
0.22 1.056
0.23 1.021
0.24 0.985
0.25 0.948
0.26 0.907
0.27 0.866
0.28 0.825
0.29 0.783
0.3 0.74
0.31 0.699
0.32 0.659
0.33 0.618
0.34 0.575
0.35 0.533
0.36 0.49
0.37 0.445
0.38 0.398
0.39 0.351
0.4 0.302
0.41 0.254
0.42 0.207
0.43 0.163
0.44 0.117
0.45 0.07
0.46 0.021
0.47 -0.02
0.48 -0.06
0.49 -0.109
0.5 -0.163
0.51 -0.2
0.52 -0.244
0.53 -0.291
0.54 -0.333
0.55 -0.374
0.56 -0.415
0.57 -0.455
0.58 -0.494
0.59 -0.532
0.6 -0.57
0.61 -0.606
0.62 -0.642
0.63 -0.675
0.64 -0.707
0.65 -0.738
0.66 -0.768
0.67 -0.797
0.68 -0.824
0.69 -0.85
0.7 -0.875
0.71 -0.898
0.72 -0.92
0.73 -0.941
0.74 -0.96
0.75 -0.978
0.76 -0.995
0.77 -1.01
0.78 -1.023
0.79 -1.035
0.8 -1.046
0.81 -1.055
0.82 -1.062
0.83 -1.068
0.84 -1.073
0.85 -1.075
0.86 -1.077
0.87 -1.076
0.88 -1.075
0.89 -1.071
0.9 -1.066
0.91 -1.06
0.92 -1.052
0.93 -1.043
0.94 -1.032
0.95 -1.019
0.96 -1.005
0.97 -0.99
0.98 -0.973
0.99 -0.955
1.0 -0.936
1.01 -0.915
1.02 -0.893
1.03 -0.869
1.04 -0.844
1.05 -0.818
1.06 -0.791
1.07 -0.763
1.08 -0.733
1.09 -0.703
1.1 -0.671
1.11 -0.638
1.12 -0.603
1.13 -0.568
1.14 -0.531
1.15 -0.494
1.16 -0.455
1.17 -0.417
1.18 -0.377
1.19 -0.337
1.2 -0.297
1.21 -0.252
1.22 -0.207
1.23 -0.172
1.24 -0.123
1.25 -0.072
1.26 -0.034
1.27 0.005
1.28 0.05
1.29 0.095
1.3 0.139
1.31 0.182
1.32 0.223
1.33 0.269
1.34 0.314
1.35 0.359
1.36 0.404
1.37 0.447
1.38 0.489
1.39 0.527
1.4 0.566
1.41 0.605
1.42 0.643
1.43 0.679
1.44 0.714
1.45 0.752
1.46 0.789
1.47 0.825
1.48 0.861
1.49 0.895
1.5 0.929
1.51 0.962
1.52 0.992
1.53 1.02
1.54 1.048
1.55 1.074
1.56 1.099
1.57 1.123
1.58 1.146
1.59 1.168
1.6 1.189
1.61 1.209
1.62 1.227
1.63 1.244
1.64 1.26
1.65 1.275
1.66 1.288
1.67 1.3
1.68 1.311
1.69 1.32
1.7 1.328
1.71 1.334
1.72 1.339
1.73 1.342
1.74 1.344
1.75 1.345
1.76 1.345
1.77 1.343
1.78 1.34
1.79 1.336
1.8 1.331
1.81 1.324
1.82 1.315
1.83 1.305
1.84 1.293
1.85 1.281
1.86 1.266
1.87 1.251
1.88 1.234
1.89 1.216
1.9 1.197
1.91 1.176
1.92 1.155
1.93 1.132
1.94 1.108
1.95 1.082
1.96 1.056
1.97 1.028
1.98 1.0
1.99 0.97
2.0 0.938
2.01 0.903
2.02 0.868
2.03 0.832
2.04 0.795
2.05 0.757
2.06 0.718
2.07 0.683
2.08 0.646
2.09 0.607
2.1 0.567
2.11 0.527
2.12 0.487
2.13 0.444
2.14 0.398
2.15 0.352
2.16 0.305
2.17 0.258
2.18 0.211
2.19 0.168
2.2 0.123
2.21 0.076
2.22 0.026
2.23 -0.016
2.24 -0.057
2.25 -0.106
2.26 -0.161
2.27 -0.201
2.28 -0.247
2.29 -0.296
2.3 -0.34
2.31 -0.384
2.32 -0.428
2.33 -0.471
2.34 -0.513
2.35 -0.556
2.36 -0.597
2.37 -0.638
2.38 -0.677
2.39 -0.715
2.4 -0.752
2.41 -0.788
2.42 -0.823
2.43 -0.858
2.44 -0.891
2.45 -0.923
2.46 -0.954
2.47 -0.985
2.48 -1.014
2.49 -1.042
2.5 -1.068
2.51 -1.094
2.52 -1.118
2.53 -1.141
2.54 -1.161
2.55 -1.179
2.56 -1.198
2.57 -1.216
2.58 -1.233
2.59 -1.248
2.6 -1.262
2.61 -1.275
2.62 -1.286
2.63 -1.296
2.64 -1.305
2.65 -1.312
2.66 -1.318
2.67 -1.323
2.68 -1.326
2.69 -1.328
2.7 -1.328
2.71 -1.326
2.72 -1.323
2.73 -1.318
2.74 -1.312
2.75 -1.305
2.76 -1.296
2.77 -1.287
2.78 -1.275
2.79 -1.263
2.8 -1.249
2.81 -1.234
2.82 -1.217
2.83 -1.2
2.84 -1.181
2.85 -1.163
2.86 -1.144
2.87 -1.122
2.88 -1.098
2.89 -1.074
2.9 -1.048
2.91 -1.021
2.92 -0.993
2.93 -0.964
2.94 -0.934
2.95 -0.903
2.96 -0.872
2.97 -0.839
2.98 -0.805
2.99 -0.771
3.0 -0.736
3.01 -0.7
3.02 -0.664
3.03 -0.626
3.04 -0.587
3.05 -0.547
3.06 -0.507
3.07 -0.467
3.08 -0.426
3.09 -0.385
3.1 -0.344
3.11 -0.303
3.12 -0.258
3.13 -0.212
3.14 -0.177
3.15 -0.131
3.16 -0.08
3.17 -0.041
3.18 -0.004
3.19 0.036
3.2 0.08
3.21 0.122
3.22 0.162
3.23 0.201
3.24 0.24
3.25 0.282
3.26 0.322
3.27 0.362
3.28 0.401
3.29 0.439
3.3 0.475
3.31 0.508
3.32 0.54
3.33 0.571
3.34 0.603
3.34 0.603
3.35 0.633
3.36 0.661
3.37 0.687
3.38 0.712
3.39 0.739
3.4 0.764
3.41 0.789
3.42 0.812
3.43 0.834
3.44 0.854
3.45 0.873
3.46 0.891
3.47 0.908
3.48 0.922
3.49 0.936
3.5 0.948
3.51 0.958
3.52 0.967
3.53 0.974
3.54 0.979
3.55 0.983
3.56 0.985
3.57 0.986
3.58 0.985
3.59 0.983
3.6 0.98
3.61 0.975
3.62 0.969
3.63 0.961
3.64 0.95
3.65 0.939
3.66 0.926
3.67 0.911
3.68 0.895
3.69 0.877
3.7 0.858
3.71 0.838
3.72 0.816
3.73 0.793
3.74 0.768
3.75 0.742
3.76 0.716
3.77 0.69
3.78 0.663
3.79 0.635
3.8 0.604
3.81 0.573
3.82 0.54
3.83 0.508
3.84 0.474
3.85 0.437
3.86 0.398
3.87 0.358
3.88 0.317
3.89 0.275
3.9 0.232
3.91 0.192
3.92 0.152
3.93 0.109
3.94 0.065
3.95 0.018
3.96 -0.02
3.97 -0.059
3.98 -0.107
3.99 -0.161
4.0 -0.2
4.01 -0.245
4.02 -0.294
4.03 -0.338
4.04 -0.382
4.05 -0.426
4.06 -0.471
4.07 -0.515
4.08 -0.559
4.09 -0.603
4.1 -0.646
4.11 -0.688
4.12 -0.729
4.13 -0.769
4.14 -0.809
4.15 -0.849
4.16 -0.888
4.17 -0.926
4.18 -0.964
4.19 -1.001
4.2 -1.037
4.21 -1.072
4.22 -1.107
4.23 -1.14
4.24 -1.17
4.25 -1.201
4.26 -1.233
4.27 -1.263
4.28 -1.293
4.29 -1.323
4.3 -1.352
4.31 -1.375
4.32 -1.397
4.33 -1.418
4.34 -1.438
4.35 -1.458
4.36 -1.476
4.37 -1.494
4.38 -1.511
4.39 -1.527
4.4 -1.542
4.41 -1.556
4.42 -1.569
4.43 -1.581
4.44 -1.592
4.45 -1.602
4.46 -1.611
4.47 -1.619
4.48 -1.628
4.49 -1.636
4.5 -1.642
4.51 -1.647
4.52 -1.651
4.53 -1.654
4.54 -1.656
4.55 -1.656
4.56 -1.656
4.57 -1.654
4.58 -1.651
4.59 -1.647
4.6 -1.642
4.61 -1.636
4.62 -1.628
4.63 -1.62
4.64 -1.612
4.65 -1.603
4.66 -1.593
4.67 -1.582
4.68 -1.57
4.69 -1.557
4.7 -1.544
4.71 -1.529
4.72 -1.514
4.73 -1.498
4.74 -1.481
4.75 -1.463
4.76 -1.444
4.77 -1.425
4.78 -1.404
4.79 -1.383
4.8 -1.361
4.81 -1.337
4.82 -1.307
4.83 -1.279
4.84 -1.25
4.85 -1.22
4.86 -1.189
4.87 -1.16
4.88 -1.131
4.89 -1.099
4.9 -1.065
4.91 -1.032
4.92 -0.997
4.93 -0.962
4.94 -0.927
4.95 -0.891
4.96 -0.854
4.97 -0.817
4.98 -0.779
4.99 -0.742
5.0 -0.703
5.01 -0.665
5.02 -0.625
5.03 -0.585
5.04 -0.545
5.05 -0.504
5.06 -0.464
5.07 -0.423
5.08 -0.383
5.09 -0.343
5.1 -0.303
5.11 -0.261
5.12 -0.216
5.13 -0.183
5.14 -0.142
5.15 -0.096
5.16 -0.056
5.17 -0.022
5.18 0.011
5.19 0.05
5.2 0.087
5.21 0.124
5.22 0.158
5.23 0.191
5.24 0.222
5.25 0.256
5.26 0.289
5.27 0.321
5.28 0.351
5.29 0.381
5.3 0.409
5.31 0.436
5.32 0.461
5.33 0.485
5.34 0.505
5.35 0.525
5.36 0.544
5.37 0.561
5.38 0.578
5.39 0.593
5.4 0.607
5.41 0.619
5.42 0.631
5.43 0.64
5.44 0.648
5.45 0.654
5.46 0.659
5.47 0.662
5.48 0.665
5.49 0.665
5.5 0.665
5.51 0.663
5.52 0.659
5.53 0.654
5.54 0.648
5.55 0.641
5.56 0.631
5.57 0.62
5.58 0.608
5.59 0.594
5.6 0.579
5.61 0.562
5.62 0.545
5.63 0.526
5.64 0.506
5.65 0.485
5.66 0.462
5.67 0.437
5.68 0.41
5.69 0.381
5.7 0.352
5.71 0.321
5.72 0.288
5.73 0.255
5.74 0.221
5.75 0.189
5.76 0.156
5.77 0.121
5.78 0.084
5.79 0.046
5.8 0.007
5.81 -0.026
5.82 -0.06
5.83 -0.103
5.84 -0.15
5.85 -0.189
5.86 -0.225
5.87 -0.271
5.88 -0.313
5.89 -0.354
5.9 -0.396
5.91 -0.437
5.92 -0.479
5.93 -0.52
5.94 -0.562
5.95 -0.604
5.96 -0.646
5.97 -0.687
5.98 -0.727
5.99 -0.766
6.0 -0.806
6.01 -0.845
6.02 -0.884
6.03 -0.923
6.04 -0.961
6.05 -0.999
6.06 -1.036
6.07 -1.073
6.08 -1.109
6.09 -1.145
6.1 -1.177
6.11 -1.211
6.12 -1.245
6.13 -1.279
6.14 -1.313
6.15 -1.348
6.16 -1.375
6.17 -1.401
6.18 -1.427
6.19 -1.453
6.2 -1.477
6.21 -1.502
6.22 -1.525
6.23 -1.548
6.24 -1.57
6.25 -1.592
6.26 -1.612
6.27 -1.635
6.28 -1.658
6.29 -1.677
6.3 -1.694
6.31 -1.712
6.32 -1.73
6.33 -1.747
6.34 -1.764
6.35 -1.779
6.36 -1.794
6.37 -1.809
6.38 -1.822
6.39 -1.835
6.4 -1.847
6.41 -1.858
6.42 -1.868
6.43 -1.878
6.44 -1.887
6.45 -1.895
6.46 -1.902
6.47 -1.909
6.48 -1.914
6.49 -1.919
6.5 -1.923
6.51 -1.927
6.52 -1.93
6.53 -1.931
6.54 -1.933
6.55 -1.933
6.56 -1.932
6.57 -1.931
6.58 -1.929
6.59 -1.927
6.6 -1.923
6.61 -1.919
6.62 -1.914
6.63 -1.908
6.64 -1.901
6.65 -1.894
6.66 -1.886
6.66 -1.886
6.67 -1.877
6.68 -1.867
6.69 -1.857
6.7 -1.846
6.71 -1.834
6.72 -1.821
6.73 -1.808
6.74 -1.794
6.75 -1.779
6.76 -1.763
6.77 -1.747
6.78 -1.73
6.79 -1.712
6.8 -1.695
6.81 -1.678
6.82 -1.66
6.83 -1.637
6.84 -1.615
6.85 -1.594
6.86 -1.573
6.87 -1.551
6.88 -1.529
6.89 -1.506
6.9 -1.483
6.91 -1.458
6.92 -1.434
6.93 -1.408
6.94 -1.383
6.95 -1.356
6.96 -1.325
6.97 -1.291
6.98 -1.258
6.99 -1.225
7.0 -1.191
7.01 -1.159
7.02 -1.127
7.03 -1.092
7.04 -1.056
7.05 -1.02
7.06 -0.984
7.07 -0.947
7.08 -0.91
7.09 -0.872
7.1 -0.834
7.11 -0.796
7.12 -0.758
7.13 -0.719
7.14 -0.681
7.15 -0.642
7.16 -0.602
7.17 -0.561
7.18 -0.521
7.19 -0.481
7.2 -0.442
7.21 -0.402
7.22 -0.363
7.23 -0.324
7.24 -0.285
7.25 -0.242
7.26 -0.203
7.27 -0.172
7.28 -0.129
7.29 -0.085
7.3 -0.05
7.31 -0.019
7.32 0.012
7.33 0.049
7.34 0.083
7.35 0.116
7.36 0.148
7.37 0.178
7.38 0.206
7.39 0.234
7.4 0.264
7.41 0.292
7.42 0.319
7.43 0.345
7.44 0.369
7.45 0.392
7.46 0.414
7.47 0.434
7.48 0.453
7.49 0.47
7.5 0.485
7.51 0.498
7.52 0.51
7.53 0.521
7.54 0.53
7.55 0.538
7.56 0.545
7.57 0.55
7.58 0.554
7.59 0.557
7.6 0.558
7.61 0.558
7.62 0.556
7.63 0.553
7.64 0.549
7.65 0.543
7.66 0.536
7.67 0.527
7.68 0.518
7.69 0.506
7.7 0.494
7.71 0.48
7.72 0.465
7.73 0.447
7.74 0.428
7.75 0.407
7.76 0.386
7.77 0.362
7.78 0.338
7.79 0.312
7.8 0.285
7.81 0.257
7.82 0.227
7.83 0.199
7.84 0.171
7.85 0.141
7.86 0.11
7.87 0.076
7.88 0.042
7.89 0.007
7.9 -0.024
7.91 -0.055
7.92 -0.091
7.93 -0.135
7.94 -0.176
7.95 -0.206
7.96 -0.245
7.97 -0.288
7.98 -0.325
7.99 -0.364
8.0 -0.402
8.01 -0.441
8.02 -0.48
8.03 -0.519
8.04 -0.558
8.05 -0.597
8.06 -0.636
8.07 -0.674
8.08 -0.712
8.09 -0.749
8.1 -0.786
8.11 -0.823
8.12 -0.859
8.13 -0.895
8.14 -0.931
8.15 -0.966
8.16 -1.001
8.17 -1.035
8.18 -1.069
8.19 -1.103
8.2 -1.135
8.21 -1.165
8.22 -1.195
8.23 -1.226
8.24 -1.257
8.25 -1.287
8.26 -1.317
8.27 -1.348
8.28 -1.372
8.29 -1.395
8.3 -1.418
8.31 -1.44
8.32 -1.461
8.33 -1.482
8.34 -1.502
8.35 -1.521
8.36 -1.54
8.37 -1.558
8.38 -1.575
8.39 -1.591
8.4 -1.607
8.41 -1.622
8.42 -1.639
8.43 -1.655
8.44 -1.669
8.45 -1.68
8.46 -1.691
8.47 -1.701
8.48 -1.711
8.49 -1.721
8.5 -1.729
8.51 -1.737
8.52 -1.744
8.53 -1.751
8.54 -1.756
8.55 -1.76
8.56 -1.764
8.57 -1.767
8.58 -1.769
8.59 -1.77
8.6 -1.77
8.61 -1.77
8.62 -1.768
8.63 -1.766
8.64 -1.763
8.65 -1.759
8.66 -1.754
8.67 -1.748
8.68 -1.741
8.69 -1.734
8.7 -1.726
8.71 -1.716
8.72 -1.706
8.73 -1.697
8.74 -1.686
8.75 -1.675
8.76 -1.663
8.77 -1.648
8.78 -1.631
8.79 -1.614
8.8 -1.599
8.81 -1.583
8.82 -1.566
8.83 -1.548
8.84 -1.529
8.85 -1.51
8.86 -1.49
8.87 -1.47
8.88 -1.448
8.89 -1.426
8.9 -1.404
8.91 -1.38
8.92 -1.357
8.93 -1.328
8.94 -1.297
8.95 -1.266
8.96 -1.235
8.97 -1.204
8.98 -1.173
8.99 -1.143
9.0 -1.11
9.01 -1.076
9.02 -1.042
9.03 -1.007
9.04 -0.972
9.05 -0.936
9.06 -0.899
9.07 -0.862
9.08 -0.825
9.09 -0.787
9.1 -0.749
9.11 -0.711
9.12 -0.673
9.13 -0.634
9.14 -0.593
9.15 -0.553
9.16 -0.513
9.17 -0.472
9.18 -0.432
9.19 -0.392
9.2 -0.352
9.21 -0.313
9.22 -0.272
9.23 -0.227
9.24 -0.192
9.25 -0.156
9.26 -0.11
9.27 -0.066
9.28 -0.033
9.29 -0.0
9.3 0.035
9.31 0.073
9.32 0.109
9.33 0.144
9.34 0.177
9.35 0.207
9.36 0.239
9.37 0.272
9.38 0.304
9.39 0.334
9.4 0.364
9.41 0.392
9.42 0.419
9.43 0.444
9.44 0.468
9.45 0.49
9.46 0.509
9.47 0.528
9.48 0.545
9.49 0.562
9.5 0.577
9.51 0.591
9.52 0.604
9.53 0.615
9.54 0.626
9.55 0.634
9.56 0.641
9.57 0.647
9.58 0.651
9.59 0.654
9.6 0.655
9.61 0.655
9.62 0.654
9.63 0.652
9.64 0.648
9.65 0.643
9.66 0.636
9.67 0.628
9.68 0.618
9.69 0.607
9.7 0.595
9.71 0.581
9.72 0.566
9.73 0.55
9.74 0.533
9.75 0.515
9.76 0.496
9.77 0.476
9.78 0.452
9.79 0.428
9.8 0.402
9.81 0.374
9.82 0.346
9.83 0.316
9.84 0.286
9.85 0.254
9.86 0.221
9.87 0.191
9.88 0.16
9.89 0.127
9.9 0.093
9.91 0.057
9.92 0.018
9.93 -0.013
9.94 -0.045
9.95 -0.079
9.96 -0.124
9.97 -0.169
9.98 -0.199
