0.02 -0.679
0.03 -0.659
0.04 -0.619
0.05 -0.571
0.06 -0.522
0.07 -0.472
0.08 -0.423
0.09 -0.375
0.1 -0.327
0.11 -0.278
0.12 -0.224
0.13 -0.183
0.14 -0.133
0.15 -0.077
0.16 -0.035
0.17 0.005
0.18 0.052
0.19 0.099
0.2 0.144
0.21 0.186
0.22 0.227
0.23 0.272
0.24 0.316
0.25 0.359
0.26 0.401
0.27 0.442
0.28 0.481
0.29 0.516
0.3 0.551
0.31 0.585
0.32 0.619
0.33 0.651
0.34 0.681
0.35 0.71
0.36 0.739
0.37 0.769
0.38 0.798
0.39 0.825
0.4 0.852
0.41 0.877
0.42 0.901
0.43 0.923
0.44 0.945
0.45 0.965
0.46 0.983
0.47 0.999
0.48 1.015
0.49 1.029
0.5 1.042
0.51 1.054
0.52 1.065
0.53 1.075
0.54 1.083
0.55 1.091
0.56 1.097
0.57 1.102
0.58 1.106
0.59 1.109
0.6 1.111
0.61 1.112
0.62 1.112
0.63 1.111
0.64 1.109
0.65 1.105
0.66 1.101
0.67 1.096
0.68 1.09
0.69 1.083
0.7 1.075
0.71 1.067
0.72 1.057
0.73 1.047
0.74 1.036
0.75 1.024
0.76 1.011
0.77 0.997
0.78 0.983
0.79 0.969
0.8 0.952
0.81 0.935
0.82 0.917
0.83 0.898
0.84 0.879
0.85 0.859
0.86 0.838
0.87 0.818
0.88 0.796
0.89 0.775
0.9 0.752
0.91 0.73
0.92 0.708
0.93 0.687
0.94 0.666
0.95 0.645
0.96 0.622
0.97 0.599
0.98 0.576
0.99 0.552
1.0 0.529
1.01 0.507
1.02 0.484
1.03 0.46
1.04 0.434
1.05 0.409
1.06 0.384
1.07 0.359
1.08 0.334
1.09 0.309
1.1 0.284
1.11 0.259
1.12 0.234
1.13 0.211
1.14 0.19
1.15 0.169
1.16 0.147
1.17 0.126
1.18 0.104
1.19 0.083
1.2 0.062
1.21 0.041
1.22 0.019
1.23 0.003
1.24 -0.014
1.25 -0.029
1.26 -0.044
1.27 -0.059
1.28 -0.074
1.29 -0.092
1.3 -0.11
1.31 -0.127
1.32 -0.143
1.33 -0.159
1.34 -0.172
1.35 -0.181
1.36 -0.19
1.37 -0.198
1.38 -0.206
1.39 -0.214
1.4 -0.223
1.41 -0.231
1.42 -0.239
1.43 -0.246
1.44 -0.252
1.45 -0.257
1.46 -0.262
1.47 -0.266
1.48 -0.269
1.49 -0.271
1.5 -0.273
1.51 -0.274
1.52 -0.274
1.53 -0.274
1.54 -0.273
1.55 -0.271
1.56 -0.268
1.57 -0.265
1.58 -0.261
1.59 -0.257
1.6 -0.252
1.61 -0.247
1.62 -0.24
1.63 -0.234
1.64 -0.227
1.65 -0.219
1.66 -0.212
1.67 -0.205
1.68 -0.199
1.69 -0.192
1.7 -0.185
1.71 -0.177
1.72 -0.17
1.73 -0.159
1.74 -0.147
1.75 -0.135
1.76 -0.122
1.77 -0.11
1.78 -0.097
1.79 -0.084
1.8 -0.071
1.81 -0.061
1.82 -0.051
1.83 -0.041
1.84 -0.03
1.85 -0.02
1.86 -0.01
1.87 0.0
1.88 0.011
1.89 0.022
1.9 0.035
1.91 0.048
1.92 0.06
1.93 0.071
1.94 0.083
1.95 0.095
1.96 0.106
1.97 0.117
1.98 0.128
1.99 0.139
2.0 0.149
2.01 0.159
2.02 0.168
2.03 0.178
2.04 0.187
2.05 0.195
2.06 0.204
2.07 0.212
2.08 0.22
2.09 0.228
2.1 0.236
2.11 0.244
2.12 0.251
2.13 0.259
2.14 0.266
2.15 0.272
2.16 0.278
2.17 0.284
2.18 0.289
2.19 0.294
2.2 0.299
2.21 0.303
2.22 0.307
2.23 0.311
2.24 0.314
2.25 0.317
2.26 0.319
2.27 0.321
2.28 0.322
2.29 0.324
2.3 0.324
2.31 0.325
2.32 0.325
2.33 0.325
2.34 0.324
2.35 0.323
2.36 0.322
2.37 0.32
2.38 0.318
2.39 0.316
2.4 0.313
2.41 0.311
2.42 0.307
2.43 0.304
2.44 0.3
2.45 0.296
2.46 0.291
2.47 0.287
2.48 0.282
2.49 0.277
2.5 0.271
2.51 0.265
2.52 0.26
2.53 0.253
2.54 0.247
2.55 0.241
2.56 0.234
2.57 0.227
2.58 0.221
2.59 0.214
2.6 0.208
2.61 0.201
2.62 0.195
2.63 0.188
2.64 0.181
2.65 0.174
2.66 0.167
2.67 0.16
2.68 0.152
2.69 0.145
2.7 0.138
2.71 0.13
2.72 0.122
2.73 0.115
2.74 0.107
2.75 0.099
2.76 0.092
2.77 0.084
2.78 0.076
2.79 0.069
2.8 0.061
2.81 0.054
2.82 0.046
2.83 0.039
2.84 0.031
2.85 0.023
2.86 0.016
2.87 0.011
2.88 0.005
2.89 -0.001
2.9 -0.006
2.91 -0.011
2.92 -0.017
2.93 -0.022
2.94 -0.027
2.95 -0.031
2.96 -0.036
2.97 -0.04
2.98 -0.045
2.99 -0.049
3.0 -0.053
3.01 -0.057
3.02 -0.061
3.03 -0.064
3.04 -0.067
3.05 -0.071
3.06 -0.074
3.07 -0.078
3.08 -0.081
3.09 -0.085
3.1 -0.088
3.11 -0.091
3.12 -0.094
3.13 -0.096
3.14 -0.098
3.15 -0.1
3.16 -0.102
3.17 -0.104
3.18 -0.105
3.19 -0.107
3.2 -0.108
3.21 -0.108
3.22 -0.109
3.23 -0.109
3.24 -0.11
3.25 -0.11
3.26 -0.109
3.27 -0.109
3.28 -0.108
3.29 -0.108
3.3 -0.107
3.31 -0.106
3.32 -0.105
3.33 -0.103
3.34 -0.102
3.34 -0.102
3.35 -0.1
3.36 -0.099
3.37 -0.097
3.38 -0.095
3.39 -0.093
3.4 -0.091
3.41 -0.088
3.42 -0.086
3.43 -0.084
3.44 -0.081
3.45 -0.078
3.46 -0.076
3.47 -0.073
3.48 -0.071
3.49 -0.069
3.5 -0.067
3.51 -0.065
3.52 -0.063
3.53 -0.061
3.54 -0.058
3.55 -0.056
3.56 -0.054
3.57 -0.052
3.58 -0.05
3.59 -0.048
3.6 -0.046
3.61 -0.043
3.62 -0.041
3.63 -0.039
3.64 -0.037
3.65 -0.035
3.66 -0.034
3.67 -0.032
3.68 -0.03
3.69 -0.028
3.7 -0.026
3.71 -0.025
3.72 -0.023
3.73 -0.022
3.74 -0.02
3.75 -0.019
3.76 -0.017
3.77 -0.016
3.78 -0.015
3.79 -0.014
3.8 -0.013
3.81 -0.012
3.82 -0.011
3.83 -0.01
3.84 -0.01
3.85 -0.009
3.86 -0.008
3.87 -0.008
3.88 -0.008
3.89 -0.007
3.9 -0.007
3.91 -0.007
3.92 -0.007
3.93 -0.007
3.94 -0.007
3.95 -0.007
3.96 -0.008
3.97 -0.008
3.98 -0.009
3.99 -0.009
4.0 -0.01
4.01 -0.011
4.02 -0.012
4.03 -0.012
4.04 -0.013
4.05 -0.015
4.06 -0.016
4.07 -0.017
4.08 -0.018
4.09 -0.02
4.1 -0.021
4.11 -0.022
4.12 -0.024
4.13 -0.026
4.14 -0.027
4.15 -0.029
4.16 -0.031
4.17 -0.033
4.18 -0.035
4.19 -0.037
4.2 -0.039
4.21 -0.041
4.22 -0.043
4.23 -0.045
4.24 -0.047
4.25 -0.049
4.26 -0.051
4.27 -0.054
4.28 -0.056
4.29 -0.058
4.3 -0.06
4.31 -0.063
4.32 -0.065
4.33 -0.067
4.34 -0.07
4.35 -0.072
4.36 -0.075
4.37 -0.078
4.38 -0.082
4.39 -0.085
4.4 -0.088
4.41 -0.091
4.42 -0.094
4.43 -0.098
4.44 -0.101
4.45 -0.104
4.46 -0.107
4.47 -0.11
4.48 -0.113
4.49 -0.116
4.5 -0.119
4.51 -0.122
4.52 -0.125
4.53 -0.128
4.54 -0.131
4.55 -0.134
4.56 -0.136
4.57 -0.139
4.58 -0.142
4.59 -0.144
4.6 -0.147
4.61 -0.149
4.62 -0.152
4.63 -0.154
4.64 -0.156
4.65 -0.159
4.66 -0.161
4.67 -0.163
4.68 -0.165
4.69 -0.167
4.7 -0.169
4.71 -0.17
4.72 -0.171
4.73 -0.172
4.74 -0.173
4.75 -0.174
4.76 -0.175
4.77 -0.176
4.78 -0.177
4.79 -0.178
4.8 -0.179
4.81 -0.18
4.82 -0.181
4.83 -0.181
4.84 -0.182
4.85 -0.183
4.86 -0.183
4.87 -0.184
4.88 -0.184
4.89 -0.185
4.9 -0.185
4.91 -0.185
4.92 -0.186
4.93 -0.186
4.94 -0.186
4.95 -0.187
4.96 -0.187
4.97 -0.187
4.98 -0.187
4.99 -0.187
5.0 -0.187
5.01 -0.187
5.02 -0.187
5.03 -0.187
5.04 -0.187
5.05 -0.187
5.06 -0.187
5.07 -0.187
5.08 -0.187
5.09 -0.187
5.1 -0.187
5.11 -0.186
5.12 -0.186
5.13 -0.186
5.14 -0.186
5.15 -0.186
5.16 -0.185
5.17 -0.185
5.18 -0.185
5.19 -0.184
5.2 -0.184
5.21 -0.184
5.22 -0.184
5.23 -0.183
5.24 -0.183
5.25 -0.183
5.26 -0.182
5.27 -0.182
5.28 -0.182
5.29 -0.181
5.3 -0.181
5.31 -0.181
5.32 -0.181
5.33 -0.18
5.34 -0.18
5.35 -0.18
5.36 -0.18
5.37 -0.179
5.38 -0.179
5.39 -0.179
5.4 -0.179
5.41 -0.178
5.42 -0.178
5.43 -0.178
5.44 -0.178
5.45 -0.178
5.46 -0.178
5.47 -0.178
5.48 -0.177
5.49 -0.177
5.5 -0.177
5.51 -0.177
5.52 -0.177
5.53 -0.177
5.54 -0.177
5.55 -0.177
5.56 -0.177
5.57 -0.178
5.58 -0.178
5.59 -0.178
5.6 -0.178
5.61 -0.178
5.62 -0.178
5.63 -0.178
5.64 -0.179
5.65 -0.179
5.66 -0.179
5.67 -0.179
5.68 -0.18
5.69 -0.18
5.7 -0.18
5.71 -0.18
5.72 -0.181
5.73 -0.181
5.74 -0.182
5.75 -0.182
5.76 -0.182
5.77 -0.183
5.78 -0.183
5.79 -0.184
5.8 -0.184
5.81 -0.185
5.82 -0.185
5.83 -0.185
5.84 -0.186
5.85 -0.186
5.86 -0.187
5.87 -0.188
5.88 -0.188
5.89 -0.189
5.9 -0.189
5.91 -0.19
5.92 -0.19
5.93 -0.191
5.94 -0.191
5.95 -0.192
5.96 -0.192
5.97 -0.193
5.98 -0.194
5.99 -0.194
6.0 -0.195
6.01 -0.195
6.02 -0.196
6.03 -0.196
6.04 -0.197
6.05 -0.198
6.06 -0.198
6.07 -0.199
6.08 -0.199
6.09 -0.2
6.1 -0.2
6.11 -0.201
6.12 -0.201
6.13 -0.202
6.14 -0.202
6.15 -0.203
6.16 -0.203
6.17 -0.204
6.18 -0.204
6.19 -0.205
6.2 -0.205
6.21 -0.206
6.22 -0.206
6.23 -0.207
6.24 -0.207
6.25 -0.207
6.26 -0.208
6.27 -0.208
6.28 -0.208
6.29 -0.209
6.3 -0.209
6.31 -0.209
6.32 -0.21
6.33 -0.21
6.34 -0.21
6.35 -0.211
6.36 -0.211
6.37 -0.211
6.38 -0.211
6.39 -0.211
6.4 -0.212
6.41 -0.212
6.42 -0.212
6.43 -0.212
6.44 -0.212
6.45 -0.212
6.46 -0.212
6.47 -0.212
6.48 -0.213
6.49 -0.213
6.5 -0.213
6.51 -0.213
6.52 -0.212
6.53 -0.212
6.54 -0.212
6.55 -0.212
6.56 -0.212
6.57 -0.212
6.58 -0.212
6.59 -0.212
6.6 -0.212
6.61 -0.211
6.62 -0.211
6.63 -0.211
6.64 -0.211
6.65 -0.211
6.66 -0.21
6.66 -0.21
6.67 -0.21
6.68 -0.21
6.69 -0.209
6.7 -0.209
6.71 -0.209
6.72 -0.209
6.73 -0.208
6.74 -0.208
6.75 -0.208
6.76 -0.207
6.77 -0.207
6.78 -0.207
6.79 -0.206
6.8 -0.206
6.81 -0.206
6.82 -0.205
6.83 -0.205
6.84 -0.204
6.85 -0.204
6.86 -0.204
6.87 -0.203
6.88 -0.203
6.89 -0.202
6.9 -0.202
6.91 -0.202
6.92 -0.201
6.93 -0.201
6.94 -0.2
6.95 -0.2
6.96 -0.199
6.97 -0.199
6.98 -0.198
6.99 -0.198
7.0 -0.198
7.01 -0.197
7.02 -0.197
7.03 -0.196
7.04 -0.196
7.05 -0.195
7.06 -0.195
7.07 -0.194
7.08 -0.194
7.09 -0.193
7.1 -0.193
7.11 -0.193
7.12 -0.192
7.13 -0.192
7.14 -0.191
7.15 -0.191
7.16 -0.19
7.17 -0.19
7.18 -0.189
7.19 -0.189
7.2 -0.189
7.21 -0.188
7.22 -0.188
7.23 -0.187
7.24 -0.187
7.25 -0.186
7.26 -0.186
7.27 -0.186
7.28 -0.185
7.29 -0.185
7.3 -0.184
7.31 -0.184
7.32 -0.183
7.33 -0.183
7.34 -0.183
7.35 -0.182
7.36 -0.182
7.37 -0.181
7.38 -0.181
7.39 -0.181
7.4 -0.18
7.41 -0.18
7.42 -0.179
7.43 -0.179
7.44 -0.179
7.45 -0.178
7.46 -0.178
7.47 -0.177
7.48 -0.177
7.49 -0.177
7.5 -0.176
7.51 -0.176
7.52 -0.176
7.53 -0.175
7.54 -0.175
7.55 -0.174
7.56 -0.174
7.57 -0.174
7.58 -0.173
7.59 -0.173
7.6 -0.172
7.61 -0.172
7.62 -0.172
7.63 -0.171
7.64 -0.171
7.65 -0.171
7.66 -0.17
7.67 -0.17
7.68 -0.169
7.69 -0.169
7.7 -0.169
7.71 -0.168
7.72 -0.168
7.73 -0.167
7.74 -0.166
7.75 -0.166
7.76 -0.165
7.77 -0.164
7.78 -0.164
7.79 -0.163
7.8 -0.163
7.81 -0.162
7.82 -0.161
7.83 -0.161
7.84 -0.16
7.85 -0.159
7.86 -0.159
7.87 -0.158
7.88 -0.157
7.89 -0.156
7.9 -0.156
7.91 -0.155
7.92 -0.154
7.93 -0.154
7.94 -0.153
7.95 -0.152
7.96 -0.151
7.97 -0.151
7.98 -0.15
7.99 -0.149
8.0 -0.148
8.01 -0.147
8.02 -0.147
8.03 -0.146
8.04 -0.145
8.05 -0.144
8.06 -0.143
8.07 -0.142
8.08 -0.141
8.09 -0.141
8.1 -0.14
8.11 -0.139
8.12 -0.138
8.13 -0.137
8.14 -0.136
8.15 -0.135
8.16 -0.134
8.17 -0.133
8.18 -0.132
8.19 -0.131
8.2 -0.13
8.21 -0.129
8.22 -0.128
8.23 -0.127
8.24 -0.126
8.25 -0.125
8.26 -0.124
8.27 -0.123
8.28 -0.122
8.29 -0.121
8.3 -0.12
8.31 -0.119
8.32 -0.118
8.33 -0.117
8.34 -0.116
8.35 -0.115
8.36 -0.114
8.37 -0.113
8.38 -0.112
8.39 -0.111
8.4 -0.11
8.41 -0.108
8.42 -0.107
8.43 -0.106
8.44 -0.105
8.45 -0.104
8.46 -0.103
8.47 -0.102
8.48 -0.101
8.49 -0.099
8.5 -0.098
8.51 -0.097
8.52 -0.096
8.53 -0.095
8.54 -0.094
8.55 -0.092
8.56 -0.091
8.57 -0.09
8.58 -0.089
8.59 -0.088
8.6 -0.086
8.61 -0.085
8.62 -0.084
8.63 -0.083
8.64 -0.082
8.65 -0.08
8.66 -0.079
8.67 -0.078
8.68 -0.077
8.69 -0.076
8.7 -0.074
8.71 -0.073
8.72 -0.072
8.73 -0.071
8.74 -0.071
8.75 -0.07
8.76 -0.069
8.77 -0.068
8.78 -0.067
8.79 -0.066
8.8 -0.065
8.81 -0.064
8.82 -0.063
8.83 -0.062
8.84 -0.062
8.85 -0.061
8.86 -0.06
8.87 -0.059
8.88 -0.058
8.89 -0.057
8.9 -0.056
8.91 -0.055
8.92 -0.054
8.93 -0.054
8.94 -0.053
8.95 -0.052
8.96 -0.051
8.97 -0.05
8.98 -0.049
8.99 -0.048
9.0 -0.047
9.01 -0.046
9.02 -0.046
9.03 -0.045
9.04 -0.044
9.05 -0.043
9.06 -0.042
9.07 -0.041
9.08 -0.04
9.09 -0.039
9.1 -0.038
9.11 -0.038
9.12 -0.037
9.13 -0.036
9.14 -0.035
9.15 -0.034
9.16 -0.033
9.17 -0.032
9.18 -0.031
9.19 -0.031
9.2 -0.03
9.21 -0.029
9.22 -0.028
9.23 -0.027
9.24 -0.026
9.25 -0.025
9.26 -0.024
9.27 -0.024
9.28 -0.023
9.29 -0.022
9.3 -0.021
9.31 -0.02
9.32 -0.019
9.33 -0.018
9.34 -0.017
9.35 -0.017
9.36 -0.016
9.37 -0.015
9.38 -0.014
9.39 -0.013
9.4 -0.012
9.41 -0.011
9.42 -0.01
9.43 -0.01
9.44 -0.009
9.45 -0.008
9.46 -0.007
9.47 -0.006
9.48 -0.005
9.49 -0.004
9.5 -0.003
9.51 -0.003
9.52 -0.002
9.53 -0.001
9.54 0.0
9.55 0.001
9.56 0.002
9.57 0.003
9.58 0.004
9.59 0.004
9.6 0.005
9.61 0.006
9.62 0.007
9.63 0.008
9.64 0.009
9.65 0.01
9.66 0.011
9.67 0.012
9.68 0.012
9.69 0.013
9.7 0.014
9.71 0.015
9.72 0.016
9.73 0.017
9.74 0.018
9.75 0.019
9.76 0.02
9.77 0.021
9.78 0.022
9.79 0.023
9.8 0.024
9.81 0.025
9.82 0.027
9.83 0.028
9.84 0.029
9.85 0.03
9.86 0.031
9.87 0.032
9.88 0.033
9.89 0.035
9.9 0.036
9.91 0.037
9.92 0.038
9.93 0.039
9.94 0.04
9.95 0.042
9.96 0.043
9.97 0.044
9.98 0.045
