0.02 -0.33
0.03 -0.252
0.04 -0.174
0.05 -0.095
0.06 -0.015
0.07 0.064
0.08 0.144
0.09 0.224
0.1 0.304
0.11 0.383
0.12 0.463
0.13 0.542
0.14 0.62
0.15 0.698
0.16 0.776
0.17 0.852
0.18 0.928
0.19 1.003
0.2 1.076
0.21 1.149
0.22 1.221
0.23 1.291
0.24 1.361
0.25 1.429
0.26 1.496
0.27 1.562
0.28 1.627
0.29 1.69
0.3 1.753
0.31 1.814
0.32 1.874
0.33 1.933
0.34 1.99
0.35 2.047
0.36 2.103
0.37 2.157
0.38 2.211
0.39 2.264
0.4 2.315
0.41 2.367
0.42 2.417
0.43 2.466
0.44 2.515
0.45 2.564
0.46 2.611
0.47 2.659
0.48 2.706
0.49 2.752
0.5 2.798
0.51 2.845
0.52 2.89
0.53 2.936
0.54 2.982
0.55 3.028
0.56 3.073
0.57 3.119
0.58 3.166
0.59 3.212
0.6 3.259
0.61 3.306
0.62 3.354
0.63 3.402
0.64 3.451
0.65 3.501
0.66 3.551
0.67 3.603
0.68 3.655
0.69 3.708
0.7 3.762
0.71 3.817
0.72 3.874
0.73 3.931
0.74 3.99
0.75 4.051
0.76 4.112
0.77 4.176
0.78 4.24
0.79 4.306
0.8 4.374
0.81 4.444
0.82 4.515
0.83 4.587
0.84 4.662
0.85 4.738
0.86 4.816
0.87 4.895
0.88 4.976
0.89 5.059
0.9 5.144
0.91 5.229
0.92 5.317
0.93 5.406
0.94 5.496
0.95 5.587
0.96 5.68
0.97 5.774
0.98 5.868
0.99 5.964
1.0 6.06
1.01 6.156
1.02 6.253
1.03 6.351
1.04 6.448
1.05 6.545
1.06 6.642
1.07 6.739
1.08 6.835
1.09 6.931
1.1 7.026
1.11 7.121
1.12 7.214
1.13 7.306
1.14 7.398
1.15 7.488
1.16 7.577
1.17 7.665
1.18 7.751
1.19 7.836
1.2 7.92
1.21 8.003
1.22 8.085
1.23 8.165
1.24 8.244
1.25 8.322
1.26 8.398
1.27 8.474
1.28 8.548
1.29 8.622
1.3 8.695
1.31 8.767
1.32 8.838
1.33 8.908
1.34 8.979
1.35 9.048
1.36 9.117
1.37 9.186
1.38 9.255
1.39 9.324
1.4 9.392
1.41 9.461
1.42 9.53
1.43 9.6
1.44 9.669
1.45 9.74
1.46 9.811
1.47 9.882
1.48 9.955
1.49 10.028
1.5 10.102
1.51 10.178
1.52 10.254
1.53 10.332
1.54 10.411
1.55 10.491
1.56 10.573
1.57 10.657
1.58 10.742
1.59 10.828
1.6 10.916
1.61 11.006
1.62 11.097
1.63 11.19
1.64 11.284
1.65 11.38
1.66 11.478
1.67 11.577
1.68 11.677
1.69 11.778
1.7 11.881
1.71 11.985
1.72 12.089
1.73 12.195
1.74 12.301
1.75 12.407
1.76 12.514
1.77 12.621
1.78 12.728
1.79 12.835
1.8 12.942
1.81 13.048
1.82 13.154
1.83 13.259
1.84 13.363
1.85 13.466
1.86 13.568
1.87 13.669
1.88 13.769
1.89 13.867
1.9 13.964
1.91 14.06
1.92 14.155
1.93 14.248
1.94 14.339
1.95 14.429
1.96 14.518
1.97 14.606
1.98 14.693
1.99 14.778
2.0 14.862
2.01 14.945
2.02 15.027
2.03 15.109
2.04 15.189
2.05 15.269
2.06 15.349
2.07 15.427
2.08 15.506
2.09 15.584
2.1 15.663
2.11 15.741
2.12 15.819
2.13 15.898
2.14 15.977
2.15 16.056
2.16 16.136
2.17 16.217
2.18 16.298
2.19 16.38
2.2 16.463
2.21 16.548
2.22 16.633
2.23 16.72
2.24 16.808
2.25 16.897
2.26 16.987
2.27 17.079
2.28 17.173
2.29 17.268
2.3 17.365
2.31 17.463
2.32 17.562
2.33 17.663
2.34 17.765
2.35 17.869
2.36 17.974
2.37 18.08
2.38 18.187
2.39 18.295
2.4 18.404
2.41 18.513
2.42 18.623
2.43 18.733
2.44 18.843
2.45 18.954
2.46 19.064
2.47 19.174
2.48 19.283
2.49 19.392
2.5 19.5
2.51 19.607
2.52 19.713
2.53 19.818
2.54 19.922
2.55 20.024
2.56 20.125
2.57 20.225
2.58 20.323
2.59 20.42
2.6 20.515
2.61 20.609
2.62 20.701
2.63 20.792
2.64 20.881
2.65 20.969
2.66 21.056
2.67 21.141
2.68 21.226
2.69 21.309
2.7 21.391
2.71 21.473
2.72 21.554
2.73 21.634
2.74 21.713
2.75 21.792
2.76 21.871
2.77 21.95
2.78 22.028
2.79 22.106
2.8 22.185
2.81 22.264
2.82 22.343
2.83 22.422
2.84 22.502
2.85 22.583
2.86 22.664
2.87 22.747
2.88 22.83
2.89 22.914
2.9 23.0
2.91 23.086
2.92 23.174
2.93 23.263
2.94 23.354
2.95 23.445
2.96 23.538
2.97 23.633
2.98 23.729
2.99 23.826
3.0 23.925
3.01 24.024
3.02 24.125
3.03 24.228
3.04 24.331
3.05 24.435
3.06 24.54
3.07 24.646
3.08 24.752
3.09 24.859
3.1 24.966
3.11 25.073
3.12 25.18
3.13 25.287
3.14 25.394
3.15 25.5
3.16 25.605
3.17 25.71
3.18 25.814
3.19 25.916
3.2 26.018
3.21 26.118
3.22 26.217
3.23 26.314
3.24 26.41
3.25 26.504
3.26 26.597
3.27 26.688
3.28 26.778
3.29 26.866
3.3 26.952
3.31 27.037
3.32 27.12
3.33 27.202
3.34 27.282
3.34 27.282
3.35 27.361
3.36 27.439
3.37 27.515
3.38 27.59
3.39 27.664
3.4 27.737
3.41 27.81
3.42 27.881
3.43 27.952
3.44 28.022
3.45 28.091
3.46 28.16
3.47 28.229
3.48 28.297
3.49 28.365
3.5 28.434
3.51 28.502
3.52 28.57
3.53 28.639
3.54 28.708
3.55 28.778
3.56 28.848
3.57 28.918
3.58 28.99
3.59 29.062
3.6 29.135
3.61 29.208
3.62 29.283
3.63 29.359
3.64 29.436
3.65 29.514
3.66 29.593
3.67 29.674
3.68 29.756
3.69 29.839
3.7 29.923
3.71 30.008
3.72 30.095
3.73 30.183
3.74 30.272
3.75 30.362
3.76 30.454
3.77 30.546
3.78 30.639
3.79 30.733
3.8 30.828
3.81 30.923
3.82 31.018
3.83 31.114
3.84 31.211
3.85 31.307
3.86 31.403
3.87 31.499
3.88 31.594
3.89 31.689
3.9 31.784
3.91 31.877
3.92 31.97
3.93 32.062
3.94 32.152
3.95 32.241
3.96 32.329
3.97 32.416
3.98 32.501
3.99 32.584
4.0 32.666
4.01 32.746
4.02 32.824
4.03 32.901
4.04 32.976
4.05 33.049
4.06 33.121
4.07 33.19
4.08 33.258
4.09 33.325
4.1 33.389
4.11 33.452
4.12 33.514
4.13 33.574
4.14 33.632
4.15 33.689
4.16 33.745
4.17 33.799
4.18 33.852
4.19 33.903
4.2 33.954
4.21 34.003
4.22 34.051
4.23 34.098
4.24 34.145
4.25 34.19
4.26 34.235
4.27 34.278
4.28 34.321
4.29 34.364
4.3 34.406
4.31 34.447
4.32 34.488
4.33 34.528
4.34 34.569
4.35 34.608
4.36 34.648
4.37 34.687
4.38 34.727
4.39 34.766
4.4 34.805
4.41 34.844
4.42 34.883
4.43 34.923
4.44 34.963
4.45 35.002
4.46 35.043
4.47 35.083
4.48 35.124
4.49 35.166
4.5 35.208
4.51 35.25
4.52 35.293
4.53 35.337
4.54 35.381
4.55 35.427
4.56 35.473
4.57 35.519
4.58 35.567
4.59 35.616
4.6 35.665
4.61 35.716
4.62 35.767
4.63 35.819
4.64 35.873
4.65 35.927
4.66 35.983
4.67 36.04
4.68 36.098
4.69 36.157
4.7 36.217
4.71 36.278
4.72 36.34
4.73 36.403
4.74 36.468
4.75 36.533
4.76 36.599
4.77 36.667
4.78 36.735
4.79 36.804
4.8 36.873
4.81 36.944
4.82 37.015
4.83 37.086
4.84 37.158
4.85 37.231
4.86 37.304
4.87 37.376
4.88 37.449
4.89 37.522
4.9 37.595
4.91 37.667
4.92 37.74
4.93 37.811
4.94 37.882
4.95 37.953
4.96 38.023
4.97 38.091
4.98 38.159
4.99 38.226
5.0 38.292
5.01 38.356
5.02 38.419
5.03 38.481
5.04 38.541
5.05 38.6
5.06 38.657
5.07 38.712
5.08 38.766
5.09 38.819
5.1 38.869
5.11 38.918
5.12 38.965
5.13 39.01
5.14 39.053
5.15 39.094
5.16 39.134
5.17 39.171
5.18 39.207
5.19 39.241
5.2 39.273
5.21 39.303
5.22 39.331
5.23 39.357
5.24 39.382
5.25 39.404
5.26 39.425
5.27 39.444
5.28 39.461
5.29 39.476
5.3 39.489
5.31 39.5
5.32 39.509
5.33 39.517
5.34 39.523
5.35 39.526
5.36 39.528
5.37 39.529
5.38 39.527
5.39 39.523
5.4 39.518
5.41 39.511
5.42 39.502
5.43 39.491
5.44 39.478
5.45 39.463
5.46 39.446
5.47 39.428
5.48 39.407
5.49 39.385
5.5 39.361
5.51 39.335
5.52 39.307
5.53 39.277
5.54 39.245
5.55 39.212
5.56 39.176
5.57 39.138
5.58 39.099
5.59 39.058
5.6 39.015
5.61 38.97
5.62 38.923
5.63 38.874
5.64 38.824
5.65 38.771
5.66 38.717
5.67 38.662
5.68 38.604
5.69 38.546
5.7 38.485
5.71 38.423
5.72 38.36
5.73 38.295
5.74 38.229
5.75 38.162
5.76 38.094
5.77 38.025
5.78 37.954
5.79 37.884
5.8 37.812
5.81 37.74
5.82 37.667
5.83 37.594
5.84 37.52
5.85 37.446
5.86 37.373
5.87 37.299
5.88 37.225
5.89 37.152
5.9 37.079
5.91 37.006
5.92 36.934
5.93 36.863
5.94 36.792
5.95 36.721
5.96 36.652
5.97 36.583
5.98 36.516
5.99 36.449
6.0 36.383
6.01 36.318
6.02 36.254
6.03 36.191
6.04 36.129
6.05 36.068
6.06 36.008
6.07 35.949
6.08 35.891
6.09 35.834
6.1 35.778
6.11 35.723
6.12 35.669
6.13 35.615
6.14 35.563
6.15 35.511
6.16 35.46
6.17 35.409
6.18 35.359
6.19 35.31
6.2 35.262
6.21 35.213
6.22 35.166
6.23 35.118
6.24 35.071
6.25 35.024
6.26 34.978
6.27 34.931
6.28 34.885
6.29 34.839
6.3 34.792
6.31 34.745
6.32 34.699
6.33 34.651
6.34 34.604
6.35 34.556
6.36 34.508
6.37 34.459
6.38 34.41
6.39 34.359
6.4 34.308
6.41 34.257
6.42 34.204
6.43 34.15
6.44 34.096
6.45 34.04
6.46 33.983
6.47 33.924
6.48 33.864
6.49 33.803
6.5 33.741
6.51 33.677
6.52 33.611
6.53 33.543
6.54 33.474
6.55 33.403
6.56 33.331
6.57 33.256
6.58 33.18
6.59 33.101
6.6 33.021
6.61 32.939
6.62 32.854
6.63 32.768
6.64 32.68
6.65 32.59
6.66 32.499
6.66 32.499
6.67 32.405
6.68 32.31
6.69 32.213
6.7 32.115
6.71 32.015
6.72 31.914
6.73 31.812
6.74 31.709
6.75 31.605
6.76 31.5
6.77 31.394
6.78 31.289
6.79 31.182
6.8 31.076
6.81 30.97
6.82 30.864
6.83 30.758
6.84 30.653
6.85 30.548
6.86 30.444
6.87 30.341
6.88 30.238
6.89 30.137
6.9 30.036
6.91 29.936
6.92 29.837
6.93 29.74
6.94 29.643
6.95 29.547
6.96 29.453
6.97 29.359
6.98 29.266
6.99 29.173
7.0 29.082
7.01 28.991
7.02 28.9
7.03 28.81
7.04 28.721
7.05 28.631
7.06 28.541
7.07 28.452
7.08 28.362
7.09 28.272
7.1 28.181
7.11 28.09
7.12 27.998
7.13 27.905
7.14 27.811
7.15 27.716
7.16 27.62
7.17 27.523
7.18 27.424
7.19 27.323
7.2 27.221
7.21 27.117
7.22 27.011
7.23 26.904
7.24 26.794
7.25 26.683
7.26 26.569
7.27 26.454
7.28 26.337
7.29 26.218
7.3 26.097
7.31 25.975
7.32 25.851
7.33 25.726
7.34 25.599
7.35 25.472
7.36 25.343
7.37 25.214
7.38 25.084
7.39 24.954
7.4 24.823
7.41 24.693
7.42 24.563
7.43 24.433
7.44 24.304
7.45 24.175
7.46 24.047
7.47 23.92
7.48 23.794
7.49 23.669
7.5 23.545
7.51 23.422
7.52 23.299
7.53 23.178
7.54 23.058
7.55 22.939
7.56 22.82
7.57 22.703
7.58 22.585
7.59 22.468
7.6 22.352
7.61 22.235
7.62 22.118
7.63 22.001
7.64 21.884
7.65 21.766
7.66 21.647
7.67 21.528
7.68 21.407
7.69 21.285
7.7 21.162
7.71 21.037
7.72 20.911
7.73 20.783
7.74 20.653
7.75 20.521
7.76 20.387
7.77 20.252
7.78 20.114
7.79 19.975
7.8 19.834
7.81 19.691
7.82 19.547
7.83 19.402
7.84 19.255
7.85 19.108
7.86 18.959
7.87 18.81
7.88 18.661
7.89 18.512
7.9 18.362
7.91 18.213
7.92 18.065
7.93 17.917
7.94 17.77
7.95 17.623
7.96 17.478
7.97 17.334
7.98 17.191
7.99 17.049
8.0 16.908
8.01 16.767
8.02 16.628
8.03 16.49
8.04 16.352
8.05 16.215
8.06 16.078
8.07 15.941
8.08 15.804
8.09 15.667
8.1 15.53
8.11 15.391
8.12 15.252
8.13 15.112
8.14 14.971
8.15 14.828
8.16 14.684
8.17 14.538
8.18 14.391
8.19 14.241
8.2 14.09
8.21 13.937
8.22 13.782
8.23 13.626
8.24 13.468
8.25 13.308
8.26 13.147
8.27 12.985
8.28 12.821
8.29 12.657
8.3 12.493
8.31 12.328
8.32 12.164
8.33 11.999
8.34 11.835
8.35 11.672
8.36 11.509
8.37 11.347
8.38 11.186
8.39 11.027
8.4 10.868
8.41 10.711
8.42 10.555
8.43 10.399
8.44 10.245
8.45 10.091
8.46 9.938
8.47 9.785
8.48 9.632
8.49 9.48
8.5 9.327
8.51 9.173
8.52 9.019
8.53 8.864
8.54 8.708
8.55 8.55
8.56 8.391
8.57 8.231
8.58 8.068
8.59 7.904
8.6 7.739
8.61 7.571
8.62 7.402
8.63 7.231
8.64 7.058
8.65 6.884
8.66 6.709
8.67 6.533
8.68 6.357
8.69 6.179
8.7 6.002
8.71 5.825
8.72 5.648
8.73 5.472
8.74 5.297
8.75 5.122
8.76 4.949
8.77 4.776
8.78 4.605
8.79 4.435
8.8 4.266
8.81 4.098
8.82 3.931
8.83 3.764
8.84 3.599
8.85 3.433
8.86 3.268
8.87 3.102
8.88 2.937
8.89 2.77
8.9 2.603
8.91 2.435
8.92 2.265
8.93 2.094
8.94 1.922
8.95 1.747
8.96 1.572
8.97 1.394
8.98 1.215
8.99 1.033
9.0 0.851
9.01 0.667
9.02 0.482
9.03 0.296
9.04 0.109
9.05 -0.078
9.06 -0.266
9.07 -0.453
9.08 -0.64
9.09 -0.826
9.1 -1.012
9.11 -1.196
9.12 -1.38
9.13 -1.562
9.14 -1.743
9.15 -1.923
9.16 -2.102
9.17 -2.279
9.18 -2.456
9.19 -2.632
9.2 -2.808
9.21 -2.984
9.22 -3.159
9.23 -3.335
9.24 -3.511
9.25 -3.689
9.26 -3.867
9.27 -4.046
9.28 -4.227
9.29 -4.409
9.3 -4.593
9.31 -4.779
9.32 -4.966
9.33 -5.155
9.34 -5.346
9.35 -5.538
9.36 -5.731
9.37 -5.926
9.38 -6.121
9.39 -6.316
9.4 -6.512
9.41 -6.707
9.42 -6.903
9.43 -7.097
9.44 -7.291
9.45 -7.483
9.46 -7.675
9.47 -7.865
9.48 -8.054
9.49 -8.242
9.5 -8.429
9.51 -8.615
9.52 -8.8
9.53 -8.984
9.54 -9.168
9.55 -9.351
9.56 -9.535
9.57 -9.719
9.58 -9.904
9.59 -10.09
9.6 -10.276
9.61 -10.464
9.62 -10.654
9.63 -10.845
9.64 -11.038
9.65 -11.232
9.66 -11.428
9.67 -11.626
9.68 -11.825
9.69 -12.025
9.7 -12.226
9.71 -12.428
9.72 -12.63
9.73 -12.832
9.74 -13.034
9.75 -13.236
9.76 -13.437
9.77 -13.637
9.78 -13.836
9.79 -14.033
9.8 -14.23
9.81 -14.425
9.82 -14.619
9.83 -14.811
9.84 -15.003
9.85 -15.194
9.86 -15.384
9.87 -15.574
9.88 -15.765
9.89 -15.955
9.9 -16.146
9.91 -16.337
9.92 -16.53
9.93 -16.724
9.94 -16.919
9.95 -17.116
9.96 -17.315
9.97 -17.515
9.98 -17.717
