0.02 -0.648
0.03 -0.602
0.04 -0.556
0.05 -0.51
0.06 -0.463
0.07 -0.416
0.08 -0.369
0.09 -0.322
0.1 -0.275
0.11 -0.227
0.12 -0.18
0.13 -0.133
0.14 -0.087
0.15 -0.04
0.16 0.006
0.17 0.052
0.18 0.097
0.19 0.142
0.2 0.186
0.21 0.229
0.22 0.272
0.23 0.314
0.24 0.355
0.25 0.396
0.26 0.435
0.27 0.474
0.28 0.511
0.29 0.548
0.3 0.583
0.31 0.618
0.32 0.651
0.33 0.684
0.34 0.715
0.35 0.745
0.36 0.774
0.37 0.801
0.38 0.828
0.39 0.853
0.4 0.877
0.41 0.9
0.42 0.922
0.43 0.943
0.44 0.962
0.45 0.98
0.46 0.997
0.47 1.012
0.48 1.027
0.49 1.04
0.5 1.052
0.51 1.063
0.52 1.073
0.53 1.082
0.54 1.089
0.55 1.095
0.56 1.101
0.57 1.105
0.58 1.108
0.59 1.11
0.6 1.111
0.61 1.111
0.62 1.109
0.63 1.107
0.64 1.104
0.65 1.1
0.66 1.095
0.67 1.089
0.68 1.082
0.69 1.074
0.7 1.065
0.71 1.055
0.72 1.045
0.73 1.033
0.74 1.021
0.75 1.008
0.76 0.995
0.77 0.98
0.78 0.965
0.79 0.949
0.8 0.933
0.81 0.915
0.82 0.898
0.83 0.879
0.84 0.86
0.85 0.841
0.86 0.82
0.87 0.8
0.88 0.779
0.89 0.757
0.9 0.735
0.91 0.713
0.92 0.691
0.93 0.668
0.94 0.644
0.95 0.621
0.96 0.597
0.97 0.573
0.98 0.549
0.99 0.525
1.0 0.5
1.01 0.476
1.02 0.452
1.03 0.427
1.04 0.403
1.05 0.378
1.06 0.354
1.07 0.33
1.08 0.306
1.09 0.282
1.1 0.259
1.11 0.235
1.12 0.212
1.13 0.189
1.14 0.167
1.15 0.145
1.16 0.123
1.17 0.102
1.18 0.081
1.19 0.06
1.2 0.04
1.21 0.021
1.22 0.002
1.23 -0.017
1.24 -0.035
1.25 -0.052
1.26 -0.069
1.27 -0.085
1.28 -0.1
1.29 -0.115
1.3 -0.13
1.31 -0.143
1.32 -0.156
1.33 -0.168
1.34 -0.18
1.35 -0.191
1.36 -0.201
1.37 -0.211
1.38 -0.22
1.39 -0.228
1.4 -0.235
1.41 -0.242
1.42 -0.248
1.43 -0.254
1.44 -0.259
1.45 -0.263
1.46 -0.266
1.47 -0.269
1.48 -0.271
1.49 -0.273
1.5 -0.273
1.51 -0.274
1.52 -0.273
1.53 -0.272
1.54 -0.271
1.55 -0.268
1.56 -0.266
1.57 -0.262
1.58 -0.258
1.59 -0.254
1.6 -0.249
1.61 -0.244
1.62 -0.238
1.63 -0.231
1.64 -0.224
1.65 -0.217
1.66 -0.21
1.67 -0.202
1.68 -0.193
1.69 -0.184
1.7 -0.175
1.71 -0.166
1.72 -0.156
1.73 -0.146
1.74 -0.136
1.75 -0.125
1.76 -0.115
1.77 -0.104
1.78 -0.093
1.79 -0.081
1.8 -0.07
1.81 -0.059
1.82 -0.047
1.83 -0.035
1.84 -0.024
1.85 -0.012
1.86 -0.0
1.87 0.012
1.88 0.023
1.89 0.035
1.9 0.047
1.91 0.058
1.92 0.07
1.93 0.081
1.94 0.092
1.95 0.104
1.96 0.115
1.97 0.125
1.98 0.136
1.99 0.146
2.0 0.157
2.01 0.167
2.02 0.176
2.03 0.186
2.04 0.195
2.05 0.204
2.06 0.213
2.07 0.221
2.08 0.229
2.09 0.237
2.1 0.245
2.11 0.252
2.12 0.259
2.13 0.265
2.14 0.271
2.15 0.277
2.16 0.283
2.17 0.288
2.18 0.293
2.19 0.297
2.2 0.301
2.21 0.305
2.22 0.308
2.23 0.311
2.24 0.314
2.25 0.316
2.26 0.318
2.27 0.319
2.28 0.321
2.29 0.321
2.3 0.322
2.31 0.322
2.32 0.322
2.33 0.321
2.34 0.32
2.35 0.319
2.36 0.317
2.37 0.316
2.38 0.313
2.39 0.311
2.4 0.308
2.41 0.305
2.42 0.302
2.43 0.298
2.44 0.294
2.45 0.29
2.46 0.285
2.47 0.281
2.48 0.276
2.49 0.27
2.5 0.265
2.51 0.259
2.52 0.254
2.53 0.248
2.54 0.242
2.55 0.235
2.56 0.229
2.57 0.222
2.58 0.215
2.59 0.208
2.6 0.201
2.61 0.194
2.62 0.187
2.63 0.18
2.64 0.172
2.65 0.165
2.66 0.157
2.67 0.15
2.68 0.142
2.69 0.135
2.7 0.127
2.71 0.12
2.72 0.112
2.73 0.104
2.74 0.097
2.75 0.089
2.76 0.082
2.77 0.074
2.78 0.067
2.79 0.06
2.8 0.052
2.81 0.045
2.82 0.038
2.83 0.031
2.84 0.024
2.85 0.018
2.86 0.011
2.87 0.005
2.88 -0.002
2.89 -0.008
2.9 -0.014
2.91 -0.02
2.92 -0.026
2.93 -0.031
2.94 -0.037
2.95 -0.042
2.96 -0.047
2.97 -0.052
2.98 -0.057
2.99 -0.061
3.0 -0.066
3.01 -0.07
3.02 -0.074
3.03 -0.078
3.04 -0.081
3.05 -0.085
3.06 -0.088
3.07 -0.091
3.08 -0.094
3.09 -0.096
3.1 -0.099
3.11 -0.101
3.12 -0.103
3.13 -0.105
3.14 -0.107
3.15 -0.109
3.16 -0.11
3.17 -0.111
3.18 -0.112
3.19 -0.113
3.2 -0.114
3.21 -0.114
3.22 -0.114
3.23 -0.114
3.24 -0.114
3.25 -0.114
3.26 -0.114
3.27 -0.114
3.28 -0.113
3.29 -0.112
3.3 -0.111
3.31 -0.11
3.32 -0.109
3.33 -0.108
3.34 -0.107
3.34 -0.107
3.35 -0.105
3.36 -0.104
3.37 -0.102
3.38 -0.1
3.39 -0.099
3.4 -0.097
3.41 -0.095
3.42 -0.093
3.43 -0.09
3.44 -0.088
3.45 -0.086
3.46 -0.084
3.47 -0.082
3.48 -0.079
3.49 -0.077
3.5 -0.074
3.51 -0.072
3.52 -0.07
3.53 -0.067
3.54 -0.065
3.55 -0.062
3.56 -0.06
3.57 -0.057
3.58 -0.055
3.59 -0.052
3.6 -0.05
3.61 -0.048
3.62 -0.045
3.63 -0.043
3.64 -0.041
3.65 -0.039
3.66 -0.037
3.67 -0.035
3.68 -0.033
3.69 -0.031
3.7 -0.029
3.71 -0.027
3.72 -0.025
3.73 -0.023
3.74 -0.022
3.75 -0.02
3.76 -0.019
3.77 -0.018
3.78 -0.016
3.79 -0.015
3.8 -0.014
3.81 -0.013
3.82 -0.012
3.83 -0.011
3.84 -0.011
3.85 -0.01
3.86 -0.01
3.87 -0.009
3.88 -0.009
3.89 -0.009
3.9 -0.009
3.91 -0.009
3.92 -0.009
3.93 -0.009
3.94 -0.009
3.95 -0.009
3.96 -0.01
3.97 -0.01
3.98 -0.011
3.99 -0.012
4.0 -0.013
4.01 -0.014
4.02 -0.015
4.03 -0.016
4.04 -0.017
4.05 -0.018
4.06 -0.02
4.07 -0.021
4.08 -0.023
4.09 -0.024
4.1 -0.026
4.11 -0.028
4.12 -0.03
4.13 -0.032
4.14 -0.034
4.15 -0.036
4.16 -0.038
4.17 -0.04
4.18 -0.042
4.19 -0.044
4.2 -0.047
4.21 -0.049
4.22 -0.052
4.23 -0.054
4.24 -0.057
4.25 -0.059
4.26 -0.062
4.27 -0.064
4.28 -0.067
4.29 -0.069
4.3 -0.072
4.31 -0.075
4.32 -0.077
4.33 -0.08
4.34 -0.083
4.35 -0.086
4.36 -0.088
4.37 -0.091
4.38 -0.094
4.39 -0.096
4.4 -0.099
4.41 -0.102
4.42 -0.104
4.43 -0.107
4.44 -0.11
4.45 -0.112
4.46 -0.115
4.47 -0.117
4.48 -0.12
4.49 -0.122
4.5 -0.125
4.51 -0.127
4.52 -0.13
4.53 -0.132
4.54 -0.135
4.55 -0.137
4.56 -0.139
4.57 -0.141
4.58 -0.143
4.59 -0.146
4.6 -0.148
4.61 -0.15
4.62 -0.152
4.63 -0.154
4.64 -0.155
4.65 -0.157
4.66 -0.159
4.67 -0.161
4.68 -0.162
4.69 -0.164
4.7 -0.165
4.71 -0.167
4.72 -0.168
4.73 -0.17
4.74 -0.171
4.75 -0.172
4.76 -0.174
4.77 -0.175
4.78 -0.176
4.79 -0.177
4.8 -0.178
4.81 -0.179
4.82 -0.18
4.83 -0.18
4.84 -0.181
4.85 -0.182
4.86 -0.183
4.87 -0.183
4.88 -0.184
4.89 -0.184
4.9 -0.185
4.91 -0.185
4.92 -0.186
4.93 -0.186
4.94 -0.186
4.95 -0.186
4.96 -0.187
4.97 -0.187
4.98 -0.187
4.99 -0.187
5.0 -0.187
5.01 -0.187
5.02 -0.187
5.03 -0.187
5.04 -0.187
5.05 -0.187
5.06 -0.187
5.07 -0.187
5.08 -0.186
5.09 -0.186
5.1 -0.186
5.11 -0.186
5.12 -0.185
5.13 -0.185
5.14 -0.185
5.15 -0.184
5.16 -0.184
5.17 -0.184
5.18 -0.183
5.19 -0.183
5.2 -0.183
5.21 -0.182
5.22 -0.182
5.23 -0.182
5.24 -0.181
5.25 -0.181
5.26 -0.181
5.27 -0.18
5.28 -0.18
5.29 -0.179
5.3 -0.179
5.31 -0.179
5.32 -0.178
5.33 -0.178
5.34 -0.178
5.35 -0.177
5.36 -0.177
5.37 -0.177
5.38 -0.177
5.39 -0.176
5.4 -0.176
5.41 -0.176
5.42 -0.176
5.43 -0.176
5.44 -0.175
5.45 -0.175
5.46 -0.175
5.47 -0.175
5.48 -0.175
5.49 -0.175
5.5 -0.175
5.51 -0.175
5.52 -0.175
5.53 -0.175
5.54 -0.175
5.55 -0.175
5.56 -0.175
5.57 -0.175
5.58 -0.175
5.59 -0.175
5.6 -0.176
5.61 -0.176
5.62 -0.176
5.63 -0.176
5.64 -0.177
5.65 -0.177
5.66 -0.177
5.67 -0.177
5.68 -0.178
5.69 -0.178
5.7 -0.179
5.71 -0.179
5.72 -0.179
5.73 -0.18
5.74 -0.18
5.75 -0.181
5.76 -0.181
5.77 -0.182
5.78 -0.182
5.79 -0.183
5.8 -0.184
5.81 -0.184
5.82 -0.185
5.83 -0.185
5.84 -0.186
5.85 -0.187
5.86 -0.187
5.87 -0.188
5.88 -0.189
5.89 -0.189
5.9 -0.19
5.91 -0.191
5.92 -0.191
5.93 -0.192
5.94 -0.193
5.95 -0.193
5.96 -0.194
5.97 -0.195
5.98 -0.195
5.99 -0.196
6.0 -0.197
6.01 -0.198
6.02 -0.198
6.03 -0.199
6.04 -0.2
6.05 -0.2
6.06 -0.201
6.07 -0.202
6.08 -0.202
6.09 -0.203
6.1 -0.204
6.11 -0.204
6.12 -0.205
6.13 -0.206
6.14 -0.206
6.15 -0.207
6.16 -0.207
6.17 -0.208
6.18 -0.208
6.19 -0.209
6.2 -0.21
6.21 -0.21
6.22 -0.211
6.23 -0.211
6.24 -0.212
6.25 -0.212
6.26 -0.212
6.27 -0.213
6.28 -0.213
6.29 -0.214
6.3 -0.214
6.31 -0.214
6.32 -0.215
6.33 -0.215
6.34 -0.215
6.35 -0.216
6.36 -0.216
6.37 -0.216
6.38 -0.216
6.39 -0.217
6.4 -0.217
6.41 -0.217
6.42 -0.217
6.43 -0.217
6.44 -0.217
6.45 -0.217
6.46 -0.217
6.47 -0.217
6.48 -0.217
6.49 -0.217
6.5 -0.217
6.51 -0.217
6.52 -0.217
6.53 -0.217
6.54 -0.217
6.55 -0.217
6.56 -0.217
6.57 -0.217
6.58 -0.217
6.59 -0.216
6.6 -0.216
6.61 -0.216
6.62 -0.216
6.63 -0.216
6.64 -0.215
6.65 -0.215
6.66 -0.215
6.66 -0.215
6.67 -0.214
6.68 -0.214
6.69 -0.214
6.7 -0.213
6.71 -0.213
6.72 -0.213
6.73 -0.212
6.74 -0.212
6.75 -0.212
6.76 -0.211
6.77 -0.211
6.78 -0.21
6.79 -0.21
6.8 -0.209
6.81 -0.209
6.82 -0.208
6.83 -0.208
6.84 -0.208
6.85 -0.207
6.86 -0.207
6.87 -0.206
6.88 -0.206
6.89 -0.205
6.9 -0.204
6.91 -0.204
6.92 -0.203
6.93 -0.203
6.94 -0.202
6.95 -0.202
6.96 -0.201
6.97 -0.201
6.98 -0.2
6.99 -0.2
7.0 -0.199
7.01 -0.198
7.02 -0.198
7.03 -0.197
7.04 -0.197
7.05 -0.196
7.06 -0.196
7.07 -0.195
7.08 -0.195
7.09 -0.194
7.1 -0.193
7.11 -0.193
7.12 -0.192
7.13 -0.192
7.14 -0.191
7.15 -0.191
7.16 -0.19
7.17 -0.19
7.18 -0.189
7.19 -0.189
7.2 -0.188
7.21 -0.187
7.22 -0.187
7.23 -0.186
7.24 -0.186
7.25 -0.185
7.26 -0.185
7.27 -0.184
7.28 -0.184
7.29 -0.183
7.3 -0.183
7.31 -0.182
7.32 -0.182
7.33 -0.181
7.34 -0.181
7.35 -0.18
7.36 -0.18
7.37 -0.179
7.38 -0.179
7.39 -0.178
7.4 -0.178
7.41 -0.177
7.42 -0.177
7.43 -0.176
7.44 -0.176
7.45 -0.175
7.46 -0.175
7.47 -0.175
7.48 -0.174
7.49 -0.174
7.5 -0.173
7.51 -0.173
7.52 -0.172
7.53 -0.172
7.54 -0.171
7.55 -0.171
7.56 -0.17
7.57 -0.17
7.58 -0.169
7.59 -0.169
7.6 -0.168
7.61 -0.168
7.62 -0.167
7.63 -0.167
7.64 -0.166
7.65 -0.166
7.66 -0.165
7.67 -0.165
7.68 -0.164
7.69 -0.164
7.7 -0.163
7.71 -0.163
7.72 -0.162
7.73 -0.162
7.74 -0.161
7.75 -0.161
7.76 -0.16
7.77 -0.16
7.78 -0.159
7.79 -0.159
7.8 -0.158
7.81 -0.158
7.82 -0.157
7.83 -0.157
7.84 -0.156
7.85 -0.155
7.86 -0.155
7.87 -0.154
7.88 -0.154
7.89 -0.153
7.9 -0.152
7.91 -0.152
7.92 -0.151
7.93 -0.151
7.94 -0.15
7.95 -0.149
7.96 -0.149
7.97 -0.148
7.98 -0.147
7.99 -0.147
8.0 -0.146
8.01 -0.145
8.02 -0.145
8.03 -0.144
8.04 -0.143
8.05 -0.143
8.06 -0.142
8.07 -0.141
8.08 -0.14
8.09 -0.14
8.1 -0.139
8.11 -0.138
8.12 -0.137
8.13 -0.137
8.14 -0.136
8.15 -0.135
8.16 -0.134
8.17 -0.134
8.18 -0.133
8.19 -0.132
8.2 -0.131
8.21 -0.13
8.22 -0.129
8.23 -0.129
8.24 -0.128
8.25 -0.127
8.26 -0.126
8.27 -0.125
8.28 -0.124
8.29 -0.123
8.3 -0.123
8.31 -0.122
8.32 -0.121
8.33 -0.12
8.34 -0.119
8.35 -0.118
8.36 -0.117
8.37 -0.116
8.38 -0.115
8.39 -0.114
8.4 -0.113
8.41 -0.113
8.42 -0.112
8.43 -0.111
8.44 -0.11
8.45 -0.109
8.46 -0.108
8.47 -0.107
8.48 -0.106
8.49 -0.105
8.5 -0.104
8.51 -0.103
8.52 -0.102
8.53 -0.101
8.54 -0.1
8.55 -0.099
8.56 -0.098
8.57 -0.097
8.58 -0.096
8.59 -0.095
8.6 -0.094
8.61 -0.093
8.62 -0.092
8.63 -0.091
8.64 -0.09
8.65 -0.089
8.66 -0.088
8.67 -0.087
8.68 -0.086
8.69 -0.085
8.7 -0.084
8.71 -0.083
8.72 -0.082
8.73 -0.081
8.74 -0.08
8.75 -0.079
8.76 -0.078
8.77 -0.077
8.78 -0.076
8.79 -0.075
8.8 -0.074
8.81 -0.073
8.82 -0.072
8.83 -0.071
8.84 -0.07
8.85 -0.069
8.86 -0.068
8.87 -0.067
8.88 -0.066
8.89 -0.065
8.9 -0.064
8.91 -0.063
8.92 -0.062
8.93 -0.061
8.94 -0.06
8.95 -0.059
8.96 -0.058
8.97 -0.057
8.98 -0.056
8.99 -0.054
9.0 -0.053
9.01 -0.052
9.02 -0.051
9.03 -0.05
9.04 -0.049
9.05 -0.048
9.06 -0.047
9.07 -0.046
9.08 -0.045
9.09 -0.044
9.1 -0.043
9.11 -0.042
9.12 -0.041
9.13 -0.04
9.14 -0.039
9.15 -0.038
9.16 -0.037
9.17 -0.036
9.18 -0.035
9.19 -0.034
9.2 -0.033
9.21 -0.032
9.22 -0.031
9.23 -0.03
9.24 -0.029
9.25 -0.028
9.26 -0.027
9.27 -0.027
9.28 -0.026
9.29 -0.025
9.3 -0.024
9.31 -0.023
9.32 -0.022
9.33 -0.021
9.34 -0.02
9.35 -0.019
9.36 -0.018
9.37 -0.017
9.38 -0.016
9.39 -0.015
9.4 -0.014
9.41 -0.013
9.42 -0.012
9.43 -0.011
9.44 -0.01
9.45 -0.009
9.46 -0.008
9.47 -0.007
9.48 -0.006
9.49 -0.005
9.5 -0.004
9.51 -0.003
9.52 -0.002
9.53 -0.001
9.54 0.0
9.55 0.001
9.56 0.002
9.57 0.003
9.58 0.004
9.59 0.005
9.6 0.006
9.61 0.007
9.62 0.008
9.63 0.009
9.64 0.01
9.65 0.011
9.66 0.012
9.67 0.013
9.68 0.014
9.69 0.015
9.7 0.016
9.71 0.018
9.72 0.019
9.73 0.02
9.74 0.021
9.75 0.022
9.76 0.023
9.77 0.024
9.78 0.025
9.79 0.026
9.8 0.027
9.81 0.028
9.82 0.029
9.83 0.03
9.84 0.031
9.85 0.032
9.86 0.033
9.87 0.034
9.88 0.035
9.89 0.036
9.9 0.037
9.91 0.038
9.92 0.039
9.93 0.04
9.94 0.041
9.95 0.042
9.96 0.043
9.97 0.044
9.98 0.045
