0.02 1.523
0.03 1.508
0.04 1.493
0.05 1.476
0.06 1.458
0.07 1.439
0.08 1.419
0.09 1.397
0.1 1.375
0.11 1.351
0.12 1.327
0.13 1.301
0.14 1.274
0.15 1.245
0.16 1.216
0.17 1.186
0.18 1.154
0.19 1.122
0.2 1.088
0.21 1.054
0.22 1.019
0.23 0.982
0.24 0.945
0.25 0.907
0.26 0.867
0.27 0.827
0.28 0.787
0.29 0.745
0.3 0.703
0.31 0.66
0.32 0.617
0.33 0.573
0.34 0.528
0.35 0.483
0.36 0.438
0.37 0.392
0.38 0.346
0.39 0.3
0.4 0.254
0.41 0.207
0.42 0.161
0.43 0.114
0.44 0.068
0.45 0.022
0.46 -0.024
0.47 -0.069
0.48 -0.114
0.49 -0.159
0.5 -0.203
0.51 -0.247
0.52 -0.29
0.53 -0.332
0.54 -0.374
0.55 -0.415
0.56 -0.455
0.57 -0.494
0.58 -0.532
0.59 -0.569
0.6 -0.605
0.61 -0.639
0.62 -0.673
0.63 -0.706
0.64 -0.737
0.65 -0.767
0.66 -0.796
0.67 -0.823
0.68 -0.85
0.69 -0.874
0.7 -0.898
0.71 -0.92
0.72 -0.94
0.73 -0.96
0.74 -0.977
0.75 -0.994
0.76 -1.009
0.77 -1.022
0.78 -1.034
0.79 -1.044
0.8 -1.053
0.81 -1.06
0.82 -1.066
0.83 -1.07
0.84 -1.073
0.85 -1.074
0.86 -1.074
0.87 -1.072
0.88 -1.069
0.89 -1.064
0.9 -1.058
0.91 -1.05
0.92 -1.041
0.93 -1.03
0.94 -1.018
0.95 -1.004
0.96 -0.989
0.97 -0.972
0.98 -0.954
0.99 -0.935
1.0 -0.914
1.01 -0.892
1.02 -0.869
1.03 -0.844
1.04 -0.818
1.05 -0.79
1.06 -0.762
1.07 -0.732
1.08 -0.701
1.09 -0.669
1.1 -0.636
1.11 -0.602
1.12 -0.566
1.13 -0.53
1.14 -0.493
1.15 -0.455
1.16 -0.416
1.17 -0.377
1.18 -0.336
1.19 -0.295
1.2 -0.254
1.21 -0.212
1.22 -0.169
1.23 -0.126
1.24 -0.083
1.25 -0.039
1.26 0.004
1.27 0.048
1.28 0.092
1.29 0.136
1.3 0.18
1.31 0.224
1.32 0.268
1.33 0.311
1.34 0.355
1.35 0.397
1.36 0.44
1.37 0.482
1.38 0.523
1.39 0.564
1.4 0.604
1.41 0.643
1.42 0.682
1.43 0.72
1.44 0.757
1.45 0.793
1.46 0.828
1.47 0.862
1.48 0.895
1.49 0.927
1.5 0.959
1.51 0.989
1.52 1.018
1.53 1.045
1.54 1.072
1.55 1.098
1.56 1.122
1.57 1.145
1.58 1.167
1.59 1.188
1.6 1.207
1.61 1.225
1.62 1.242
1.63 1.257
1.64 1.272
1.65 1.285
1.66 1.296
1.67 1.306
1.68 1.315
1.69 1.323
1.7 1.329
1.71 1.334
1.72 1.338
1.73 1.34
1.74 1.341
1.75 1.341
1.76 1.339
1.77 1.336
1.78 1.332
1.79 1.326
1.8 1.319
1.81 1.311
1.82 1.301
1.83 1.29
1.84 1.277
1.85 1.264
1.86 1.248
1.87 1.232
1.88 1.214
1.89 1.195
1.9 1.175
1.91 1.153
1.92 1.13
1.93 1.106
1.94 1.081
1.95 1.054
1.96 1.026
1.97 0.997
1.98 0.967
1.99 0.935
2.0 0.903
2.01 0.869
2.02 0.834
2.03 0.799
2.04 0.762
2.05 0.724
2.06 0.685
2.07 0.646
2.08 0.605
2.09 0.564
2.1 0.522
2.11 0.48
2.12 0.436
2.13 0.392
2.14 0.348
2.15 0.303
2.16 0.258
2.17 0.212
2.18 0.166
2.19 0.12
2.2 0.074
2.21 0.027
2.22 -0.019
2.23 -0.065
2.24 -0.112
2.25 -0.158
2.26 -0.204
2.27 -0.249
2.28 -0.294
2.29 -0.339
2.3 -0.383
2.31 -0.427
2.32 -0.47
2.33 -0.513
2.34 -0.554
2.35 -0.595
2.36 -0.635
2.37 -0.675
2.38 -0.713
2.39 -0.75
2.4 -0.787
2.41 -0.822
2.42 -0.857
2.43 -0.89
2.44 -0.922
2.45 -0.953
2.46 -0.983
2.47 -1.012
2.48 -1.039
2.49 -1.066
2.5 -1.091
2.51 -1.115
2.52 -1.137
2.53 -1.158
2.54 -1.178
2.55 -1.197
2.56 -1.214
2.57 -1.23
2.58 -1.245
2.59 -1.258
2.6 -1.27
2.61 -1.281
2.62 -1.29
2.63 -1.298
2.64 -1.305
2.65 -1.31
2.66 -1.314
2.67 -1.317
2.68 -1.318
2.69 -1.318
2.7 -1.317
2.71 -1.314
2.72 -1.31
2.73 -1.305
2.74 -1.298
2.75 -1.29
2.76 -1.281
2.77 -1.27
2.78 -1.258
2.79 -1.245
2.8 -1.231
2.81 -1.215
2.82 -1.198
2.83 -1.18
2.84 -1.161
2.85 -1.14
2.86 -1.118
2.87 -1.095
2.88 -1.071
2.89 -1.046
2.9 -1.019
2.91 -0.992
2.92 -0.963
2.93 -0.933
2.94 -0.902
2.95 -0.871
2.96 -0.838
2.97 -0.804
2.98 -0.77
2.99 -0.734
3.0 -0.698
3.01 -0.661
3.02 -0.623
3.03 -0.585
3.04 -0.546
3.05 -0.506
3.06 -0.466
3.07 -0.425
3.08 -0.384
3.09 -0.343
3.1 -0.301
3.11 -0.259
3.12 -0.217
3.13 -0.175
3.14 -0.132
3.15 -0.09
3.16 -0.048
3.17 -0.005
3.18 0.037
3.19 0.078
3.2 0.12
3.21 0.161
3.22 0.201
3.23 0.241
3.24 0.281
3.25 0.319
3.26 0.358
3.27 0.395
3.28 0.432
3.29 0.467
3.3 0.502
3.31 0.536
3.32 0.569
3.33 0.601
3.34 0.632
3.34 0.632
3.35 0.662
3.36 0.69
3.37 0.718
3.38 0.744
3.39 0.769
3.4 0.793
3.41 0.815
3.42 0.836
3.43 0.856
3.44 0.874
3.45 0.891
3.46 0.907
3.47 0.921
3.48 0.934
3.49 0.945
3.5 0.955
3.51 0.963
3.52 0.97
3.53 0.976
3.54 0.98
3.55 0.982
3.56 0.983
3.57 0.982
3.58 0.98
3.59 0.977
3.6 0.972
3.61 0.965
3.62 0.957
3.63 0.948
3.64 0.937
3.65 0.924
3.66 0.91
3.67 0.895
3.68 0.878
3.69 0.86
3.7 0.84
3.71 0.819
3.72 0.796
3.73 0.773
3.74 0.748
3.75 0.721
3.76 0.693
3.77 0.664
3.78 0.634
3.79 0.603
3.8 0.57
3.81 0.537
3.82 0.502
3.83 0.466
3.84 0.43
3.85 0.392
3.86 0.354
3.87 0.314
3.88 0.274
3.89 0.233
3.9 0.192
3.91 0.15
3.92 0.107
3.93 0.064
3.94 0.02
3.95 -0.024
3.96 -0.068
3.97 -0.113
3.98 -0.157
3.99 -0.202
4.0 -0.247
4.01 -0.292
4.02 -0.337
4.03 -0.381
4.04 -0.426
4.05 -0.47
4.06 -0.514
4.07 -0.557
4.08 -0.601
4.09 -0.643
4.1 -0.685
4.11 -0.727
4.12 -0.768
4.13 -0.808
4.14 -0.848
4.15 -0.887
4.16 -0.925
4.17 -0.962
4.18 -0.999
4.19 -1.035
4.2 -1.07
4.21 -1.103
4.22 -1.136
4.23 -1.169
4.24 -1.2
4.25 -1.23
4.26 -1.259
4.27 -1.287
4.28 -1.314
4.29 -1.341
4.3 -1.366
4.31 -1.39
4.32 -1.413
4.33 -1.435
4.34 -1.456
4.35 -1.476
4.36 -1.495
4.37 -1.513
4.38 -1.53
4.39 -1.545
4.4 -1.56
4.41 -1.574
4.42 -1.587
4.43 -1.598
4.44 -1.609
4.45 -1.618
4.46 -1.627
4.47 -1.635
4.48 -1.641
4.49 -1.647
4.5 -1.651
4.51 -1.655
4.52 -1.657
4.53 -1.659
4.54 -1.659
4.55 -1.659
4.56 -1.657
4.57 -1.655
4.58 -1.651
4.59 -1.647
4.6 -1.641
4.61 -1.635
4.62 -1.627
4.63 -1.619
4.64 -1.609
4.65 -1.599
4.66 -1.588
4.67 -1.575
4.68 -1.562
4.69 -1.547
4.7 -1.532
4.71 -1.516
4.72 -1.499
4.73 -1.48
4.74 -1.461
4.75 -1.441
4.76 -1.42
4.77 -1.398
4.78 -1.375
4.79 -1.351
4.8 -1.326
4.81 -1.3
4.82 -1.274
4.83 -1.246
4.84 -1.218
4.85 -1.188
4.86 -1.158
4.87 -1.127
4.88 -1.095
4.89 -1.063
4.9 -1.03
4.91 -0.996
4.92 -0.961
4.93 -0.926
4.94 -0.89
4.95 -0.853
4.96 -0.816
4.97 -0.778
4.98 -0.74
4.99 -0.701
5.0 -0.662
5.01 -0.623
5.02 -0.583
5.03 -0.543
5.04 -0.503
5.05 -0.463
5.06 -0.423
5.07 -0.382
5.08 -0.342
5.09 -0.301
5.1 -0.261
5.11 -0.221
5.12 -0.181
5.13 -0.142
5.14 -0.103
5.15 -0.064
5.16 -0.026
5.17 0.012
5.18 0.049
5.19 0.086
5.2 0.121
5.21 0.156
5.22 0.19
5.23 0.224
5.24 0.256
5.25 0.288
5.26 0.318
5.27 0.347
5.28 0.376
5.29 0.403
5.3 0.429
5.31 0.454
5.32 0.477
5.33 0.5
5.34 0.521
5.35 0.54
5.36 0.559
5.37 0.576
5.38 0.591
5.39 0.606
5.4 0.618
5.41 0.63
5.42 0.639
5.43 0.648
5.44 0.655
5.45 0.66
5.46 0.664
5.47 0.666
5.48 0.667
5.49 0.666
5.5 0.664
5.51 0.66
5.52 0.655
5.53 0.648
5.54 0.64
5.55 0.63
5.56 0.619
5.57 0.606
5.58 0.592
5.59 0.577
5.6 0.56
5.61 0.542
5.62 0.522
5.63 0.501
5.64 0.478
5.65 0.455
5.66 0.43
5.67 0.404
5.68 0.376
5.69 0.348
5.7 0.318
5.71 0.287
5.72 0.256
5.73 0.223
5.74 0.189
5.75 0.154
5.76 0.119
5.77 0.083
5.78 0.046
5.79 0.008
5.8 -0.03
5.81 -0.069
5.82 -0.109
5.83 -0.149
5.84 -0.189
5.85 -0.23
5.86 -0.27
5.87 -0.312
5.88 -0.353
5.89 -0.395
5.9 -0.436
5.91 -0.478
5.92 -0.519
5.93 -0.561
5.94 -0.602
5.95 -0.643
5.96 -0.684
5.97 -0.725
5.98 -0.765
5.99 -0.805
6.0 -0.844
6.01 -0.883
6.02 -0.922
6.03 -0.96
6.04 -0.997
6.05 -1.034
6.06 -1.07
6.07 -1.106
6.08 -1.141
6.09 -1.175
6.1 -1.209
6.11 -1.242
6.12 -1.274
6.13 -1.305
6.14 -1.336
6.15 -1.365
6.16 -1.394
6.17 -1.423
6.18 -1.45
6.19 -1.477
6.2 -1.503
6.21 -1.528
6.22 -1.552
6.23 -1.575
6.24 -1.598
6.25 -1.62
6.26 -1.641
6.27 -1.661
6.28 -1.68
6.29 -1.699
6.3 -1.717
6.31 -1.734
6.32 -1.75
6.33 -1.766
6.34 -1.78
6.35 -1.794
6.36 -1.808
6.37 -1.82
6.38 -1.832
6.39 -1.843
6.4 -1.853
6.41 -1.862
6.42 -1.871
6.43 -1.879
6.44 -1.887
6.45 -1.893
6.46 -1.899
6.47 -1.904
6.48 -1.909
6.49 -1.912
6.5 -1.916
6.51 -1.918
6.52 -1.92
6.53 -1.921
6.54 -1.921
6.55 -1.921
6.56 -1.919
6.57 -1.918
6.58 -1.915
6.59 -1.912
6.6 -1.908
6.61 -1.904
6.62 -1.898
6.63 -1.892
6.64 -1.886
6.65 -1.878
6.66 -1.87
6.66 -1.87
6.67 -1.862
6.68 -1.852
6.69 -1.842
6.7 -1.831
6.71 -1.819
6.72 -1.807
6.73 -1.794
6.74 -1.78
6.75 -1.766
6.76 -1.75
6.77 -1.734
6.78 -1.717
6.79 -1.7
6.8 -1.681
6.81 -1.662
6.82 -1.643
6.83 -1.622
6.84 -1.601
6.85 -1.578
6.86 -1.556
6.87 -1.532
6.88 -1.507
6.89 -1.482
6.9 -1.456
6.91 -1.43
6.92 -1.402
6.93 -1.374
6.94 -1.345
6.95 -1.315
6.96 -1.285
6.97 -1.254
6.98 -1.222
6.99 -1.19
7.0 -1.157
7.01 -1.123
7.02 -1.089
7.03 -1.054
7.04 -1.018
7.05 -0.982
7.06 -0.946
7.07 -0.909
7.08 -0.871
7.09 -0.833
7.1 -0.795
7.11 -0.756
7.12 -0.718
7.13 -0.678
7.14 -0.639
7.15 -0.6
7.16 -0.56
7.17 -0.52
7.18 -0.48
7.19 -0.441
7.2 -0.401
7.21 -0.362
7.22 -0.322
7.23 -0.283
7.24 -0.245
7.25 -0.206
7.26 -0.168
7.27 -0.131
7.28 -0.094
7.29 -0.057
7.3 -0.022
7.31 0.014
7.32 0.048
7.33 0.081
7.34 0.114
7.35 0.146
7.36 0.177
7.37 0.207
7.38 0.236
7.39 0.264
7.4 0.291
7.41 0.317
7.42 0.341
7.43 0.364
7.44 0.387
7.45 0.407
7.46 0.427
7.47 0.445
7.48 0.462
7.49 0.478
7.5 0.492
7.51 0.505
7.52 0.516
7.53 0.526
7.54 0.535
7.55 0.542
7.56 0.547
7.57 0.552
7.58 0.554
7.59 0.555
7.6 0.555
7.61 0.553
7.62 0.55
7.63 0.546
7.64 0.54
7.65 0.532
7.66 0.523
7.67 0.513
7.68 0.501
7.69 0.488
7.7 0.473
7.71 0.457
7.72 0.44
7.73 0.421
7.74 0.401
7.75 0.38
7.76 0.358
7.77 0.334
7.78 0.31
7.79 0.284
7.8 0.257
7.81 0.229
7.82 0.2
7.83 0.17
7.84 0.139
7.85 0.107
7.86 0.075
7.87 0.041
7.88 0.007
7.89 -0.027
7.9 -0.063
7.91 -0.099
7.92 -0.135
7.93 -0.172
7.94 -0.21
7.95 -0.248
7.96 -0.286
7.97 -0.324
7.98 -0.362
7.99 -0.401
8.0 -0.44
8.01 -0.479
8.02 -0.518
8.03 -0.556
8.04 -0.595
8.05 -0.633
8.06 -0.672
8.07 -0.71
8.08 -0.747
8.09 -0.785
8.1 -0.822
8.11 -0.858
8.12 -0.894
8.13 -0.93
8.14 -0.965
8.15 -0.999
8.16 -1.033
8.17 -1.067
8.18 -1.099
8.19 -1.132
8.2 -1.163
8.21 -1.194
8.22 -1.224
8.23 -1.253
8.24 -1.281
8.25 -1.309
8.26 -1.336
8.27 -1.362
8.28 -1.388
8.29 -1.412
8.3 -1.436
8.31 -1.459
8.32 -1.481
8.33 -1.503
8.34 -1.523
8.35 -1.543
8.36 -1.562
8.37 -1.58
8.38 -1.597
8.39 -1.614
8.4 -1.63
8.41 -1.644
8.42 -1.658
8.43 -1.672
8.44 -1.684
8.45 -1.695
8.46 -1.706
8.47 -1.716
8.48 -1.725
8.49 -1.733
8.5 -1.741
8.51 -1.748
8.52 -1.753
8.53 -1.759
8.54 -1.763
8.55 -1.766
8.56 -1.769
8.57 -1.771
8.58 -1.772
8.59 -1.772
8.6 -1.771
8.61 -1.77
8.62 -1.768
8.63 -1.765
8.64 -1.761
8.65 -1.756
8.66 -1.751
8.67 -1.745
8.68 -1.738
8.69 -1.73
8.7 -1.721
8.71 -1.712
8.72 -1.701
8.73 -1.69
8.74 -1.678
8.75 -1.665
8.76 -1.652
8.77 -1.637
8.78 -1.622
8.79 -1.606
8.8 -1.589
8.81 -1.571
8.82 -1.552
8.83 -1.532
8.84 -1.512
8.85 -1.491
8.86 -1.469
8.87 -1.446
8.88 -1.422
8.89 -1.397
8.9 -1.372
8.91 -1.345
8.92 -1.318
8.93 -1.29
8.94 -1.262
8.95 -1.232
8.96 -1.202
8.97 -1.171
8.98 -1.139
8.99 -1.107
9.0 -1.074
9.01 -1.04
9.02 -1.005
9.03 -0.97
9.04 -0.935
9.05 -0.898
9.06 -0.861
9.07 -0.824
9.08 -0.786
9.09 -0.748
9.1 -0.709
9.11 -0.67
9.12 -0.631
9.13 -0.591
9.14 -0.552
9.15 -0.512
9.16 -0.472
9.17 -0.431
9.18 -0.391
9.19 -0.351
9.2 -0.311
9.21 -0.271
9.22 -0.232
9.23 -0.192
9.24 -0.153
9.25 -0.114
9.26 -0.076
9.27 -0.038
9.28 -0.001
9.29 0.036
9.3 0.072
9.31 0.107
9.32 0.142
9.33 0.176
9.34 0.209
9.35 0.241
9.36 0.272
9.37 0.302
9.38 0.331
9.39 0.359
9.4 0.386
9.41 0.412
9.42 0.437
9.43 0.461
9.44 0.483
9.45 0.504
9.46 0.524
9.47 0.542
9.48 0.559
9.49 0.575
9.5 0.589
9.51 0.603
9.52 0.614
9.53 0.624
9.54 0.633
9.55 0.641
9.56 0.647
9.57 0.651
9.58 0.654
9.59 0.656
9.6 0.656
9.61 0.655
9.62 0.652
9.63 0.648
9.64 0.642
9.65 0.635
9.66 0.627
9.67 0.617
9.68 0.606
9.69 0.593
9.7 0.579
9.71 0.564
9.72 0.547
9.73 0.529
9.74 0.51
9.75 0.49
9.76 0.468
9.77 0.445
9.78 0.421
9.79 0.396
9.8 0.37
9.81 0.342
9.82 0.314
9.83 0.285
9.84 0.254
9.85 0.223
9.86 0.191
9.87 0.159
9.88 0.125
9.89 0.091
9.9 0.056
9.91 0.02
9.92 -0.016
9.93 -0.052
9.94 -0.089
9.95 -0.126
9.96 -0.164
9.97 -0.202
9.98 -0.24
