0.02 0.106
0.03 0.116
0.04 0.125
0.05 0.135
0.06 0.144
0.07 0.154
0.08 0.163
0.09 0.172
0.1 0.181
0.11 0.189
0.12 0.197
0.13 0.204
0.14 0.211
0.15 0.218
0.16 0.224
0.17 0.231
0.18 0.237
0.19 0.243
0.2 0.249
0.21 0.254
0.22 0.259
0.23 0.264
0.24 0.268
0.25 0.271
0.26 0.275
0.27 0.278
0.28 0.28
0.29 0.283
0.3 0.285
0.31 0.286
0.32 0.287
0.33 0.288
0.34 0.288
0.35 0.288
0.36 0.287
0.37 0.287
0.38 0.285
0.39 0.284
0.4 0.282
0.41 0.279
0.42 0.277
0.43 0.274
0.44 0.27
0.45 0.266
0.46 0.262
0.47 0.258
0.48 0.253
0.49 0.248
0.5 0.243
0.51 0.237
0.52 0.231
0.53 0.225
0.54 0.219
0.55 0.213
0.56 0.206
0.57 0.2
0.58 0.193
0.59 0.187
0.6 0.18
0.61 0.173
0.62 0.165
0.63 0.157
0.64 0.149
0.65 0.141
0.66 0.133
0.67 0.125
0.68 0.116
0.69 0.107
0.7 0.099
0.71 0.09
0.72 0.081
0.73 0.072
0.74 0.063
0.75 0.054
0.76 0.046
0.77 0.036
0.78 0.026
0.79 0.017
0.8 0.01
0.81 0.003
0.82 -0.004
0.83 -0.011
0.84 -0.018
0.85 -0.025
0.86 -0.032
0.87 -0.038
0.88 -0.044
0.89 -0.05
0.9 -0.056
0.91 -0.062
0.92 -0.068
0.93 -0.073
0.94 -0.08
0.95 -0.086
0.96 -0.093
0.97 -0.099
0.98 -0.104
0.99 -0.109
1.0 -0.114
1.01 -0.119
1.02 -0.123
1.03 -0.126
1.04 -0.13
1.05 -0.133
1.06 -0.135
1.07 -0.137
1.08 -0.139
1.09 -0.14
1.1 -0.141
1.11 -0.141
1.12 -0.141
1.13 -0.14
1.14 -0.139
1.15 -0.138
1.16 -0.136
1.17 -0.134
1.18 -0.131
1.19 -0.128
1.2 -0.124
1.21 -0.12
1.22 -0.116
1.23 -0.111
1.24 -0.106
1.25 -0.1
1.26 -0.094
1.27 -0.088
1.28 -0.081
1.29 -0.074
1.3 -0.068
1.31 -0.062
1.32 -0.056
1.33 -0.05
1.34 -0.044
1.35 -0.037
1.36 -0.03
1.37 -0.023
1.38 -0.015
1.39 -0.008
1.4 -0.0
1.41 0.008
1.42 0.016
1.43 0.025
1.44 0.036
1.45 0.047
1.46 0.057
1.47 0.067
1.48 0.077
1.49 0.087
1.5 0.097
1.51 0.108
1.52 0.118
1.53 0.129
1.54 0.139
1.55 0.149
1.56 0.159
1.57 0.169
1.58 0.179
1.59 0.188
1.6 0.197
1.61 0.207
1.62 0.216
1.63 0.225
1.64 0.236
1.65 0.246
1.66 0.256
1.67 0.266
1.68 0.275
1.69 0.285
1.7 0.294
1.71 0.303
1.72 0.311
1.73 0.32
1.74 0.328
1.75 0.336
1.76 0.344
1.77 0.351
1.78 0.358
1.79 0.365
1.8 0.372
1.81 0.378
1.82 0.384
1.83 0.389
1.84 0.394
1.85 0.399
1.86 0.404
1.87 0.408
1.88 0.412
1.89 0.415
1.9 0.419
1.91 0.421
1.92 0.424
1.93 0.426
1.94 0.427
1.95 0.429
1.96 0.43
1.97 0.43
1.98 0.431
1.99 0.43
2.0 0.43
2.01 0.429
2.02 0.428
2.03 0.426
2.04 0.424
2.05 0.422
2.06 0.419
2.07 0.416
2.08 0.413
2.09 0.409
2.1 0.405
2.11 0.401
2.12 0.396
2.13 0.391
2.14 0.386
2.15 0.381
2.16 0.375
2.17 0.369
2.18 0.362
2.19 0.356
2.2 0.349
2.21 0.342
2.22 0.334
2.23 0.327
2.24 0.319
2.25 0.311
2.26 0.302
2.27 0.294
2.28 0.286
2.29 0.277
2.3 0.268
2.31 0.259
2.32 0.25
2.33 0.241
2.34 0.231
2.35 0.222
2.36 0.214
2.37 0.205
2.38 0.197
2.39 0.189
2.4 0.18
2.41 0.172
2.42 0.163
2.43 0.155
2.44 0.146
2.45 0.138
2.46 0.129
2.47 0.12
2.48 0.112
2.49 0.103
2.5 0.095
2.51 0.087
2.52 0.079
2.53 0.071
2.54 0.063
2.55 0.056
2.56 0.048
2.57 0.041
2.58 0.033
2.59 0.026
2.6 0.019
2.61 0.014
2.62 0.009
2.63 0.005
2.64 0.0
2.65 -0.004
2.66 -0.008
2.67 -0.012
2.68 -0.015
2.69 -0.018
2.7 -0.021
2.71 -0.023
2.72 -0.026
2.73 -0.028
2.74 -0.029
2.75 -0.031
2.76 -0.032
2.77 -0.032
2.78 -0.033
2.79 -0.033
2.8 -0.033
2.81 -0.032
2.82 -0.031
2.83 -0.03
2.84 -0.029
2.85 -0.027
2.86 -0.025
2.87 -0.023
2.88 -0.02
2.89 -0.017
2.9 -0.014
2.91 -0.01
2.92 -0.007
2.93 -0.003
2.94 0.002
2.95 0.006
2.96 0.011
2.97 0.016
2.98 0.022
2.99 0.029
3.0 0.036
3.01 0.044
3.02 0.051
3.03 0.059
3.04 0.066
3.05 0.074
3.06 0.082
3.07 0.091
3.08 0.099
3.09 0.107
3.1 0.116
3.11 0.125
3.12 0.134
3.13 0.142
3.14 0.151
3.15 0.16
3.16 0.169
3.17 0.177
3.18 0.186
3.19 0.195
3.2 0.203
3.21 0.212
3.22 0.221
3.23 0.23
3.24 0.239
3.25 0.249
3.26 0.258
3.27 0.268
3.28 0.277
3.29 0.286
3.3 0.296
3.31 0.304
3.32 0.313
3.33 0.322
3.34 0.33
3.34 0.33
3.35 0.338
3.36 0.346
3.37 0.354
3.38 0.362
3.39 0.369
3.4 0.376
3.41 0.383
3.42 0.39
3.43 0.396
3.44 0.402
3.45 0.408
3.46 0.413
3.47 0.418
3.48 0.423
3.49 0.428
3.5 0.432
3.51 0.436
3.52 0.439
3.53 0.443
3.54 0.446
3.55 0.448
3.56 0.45
3.57 0.452
3.58 0.454
3.59 0.455
3.6 0.456
3.61 0.456
3.62 0.456
3.63 0.456
3.64 0.455
3.65 0.454
3.66 0.453
3.67 0.451
3.68 0.449
3.69 0.447
3.7 0.444
3.71 0.441
3.72 0.438
3.73 0.434
3.74 0.43
3.75 0.426
3.76 0.421
3.77 0.416
3.78 0.411
3.79 0.405
3.8 0.399
3.81 0.393
3.82 0.386
3.83 0.379
3.84 0.372
3.85 0.365
3.86 0.357
3.87 0.35
3.88 0.342
3.89 0.333
3.9 0.325
3.91 0.316
3.92 0.307
3.93 0.298
3.94 0.289
3.95 0.28
3.96 0.27
3.97 0.26
3.98 0.251
3.99 0.241
4.0 0.231
4.01 0.221
4.02 0.212
4.03 0.203
4.04 0.194
4.05 0.185
4.06 0.176
4.07 0.167
4.08 0.158
4.09 0.149
4.1 0.139
4.11 0.13
4.12 0.121
4.13 0.111
4.14 0.102
4.15 0.093
4.16 0.084
4.17 0.075
4.18 0.066
4.19 0.058
4.2 0.049
4.21 0.041
4.22 0.032
4.23 0.023
4.24 0.016
4.25 0.01
4.26 0.004
4.27 -0.002
4.28 -0.008
4.29 -0.013
4.3 -0.018
4.31 -0.023
4.32 -0.028
4.33 -0.032
4.34 -0.036
4.35 -0.04
4.36 -0.043
4.37 -0.047
4.38 -0.049
4.39 -0.052
4.4 -0.055
4.41 -0.057
4.42 -0.058
4.43 -0.06
4.44 -0.061
4.45 -0.062
4.46 -0.062
4.47 -0.063
4.48 -0.063
4.49 -0.062
4.5 -0.062
4.51 -0.061
4.52 -0.059
4.53 -0.058
4.54 -0.056
4.55 -0.054
4.56 -0.052
4.57 -0.049
4.58 -0.046
4.59 -0.043
4.6 -0.039
4.61 -0.036
4.62 -0.032
4.63 -0.027
4.64 -0.023
4.65 -0.018
4.66 -0.013
4.67 -0.008
4.68 -0.003
4.69 0.002
4.7 0.008
4.71 0.014
4.72 0.02
4.73 0.028
4.74 0.036
4.75 0.045
4.76 0.052
4.77 0.06
4.78 0.068
4.79 0.076
4.8 0.085
4.81 0.093
4.82 0.101
4.83 0.109
4.84 0.118
4.85 0.126
4.86 0.134
4.87 0.142
4.88 0.15
4.89 0.158
4.9 0.166
4.91 0.174
4.92 0.182
4.93 0.189
4.94 0.197
4.95 0.204
4.96 0.211
4.97 0.218
4.98 0.225
4.99 0.233
5.0 0.241
5.01 0.248
5.02 0.255
5.03 0.262
5.04 0.269
5.05 0.275
5.06 0.281
5.07 0.287
5.08 0.293
5.09 0.299
5.1 0.304
5.11 0.309
5.12 0.313
5.13 0.317
5.14 0.321
5.15 0.325
5.16 0.329
5.17 0.332
5.18 0.334
5.19 0.337
5.2 0.339
5.21 0.34
5.22 0.342
5.23 0.343
5.24 0.343
5.25 0.344
5.26 0.344
5.27 0.343
5.28 0.342
5.29 0.341
5.3 0.34
5.31 0.338
5.32 0.336
5.33 0.333
5.34 0.33
5.35 0.327
5.36 0.323
5.37 0.319
5.38 0.315
5.39 0.311
5.4 0.306
5.41 0.3
5.42 0.295
5.43 0.289
5.44 0.283
5.45 0.276
5.46 0.269
5.47 0.262
5.48 0.255
5.49 0.247
5.5 0.239
5.51 0.231
5.52 0.223
5.53 0.215
5.54 0.207
5.55 0.199
5.56 0.191
5.57 0.183
5.58 0.175
5.59 0.166
5.6 0.156
5.61 0.147
5.62 0.138
5.63 0.128
5.64 0.119
5.65 0.109
5.66 0.099
5.67 0.088
5.68 0.078
5.69 0.068
5.7 0.058
5.71 0.048
5.72 0.037
5.73 0.025
5.74 0.015
5.75 0.007
5.76 -0.002
5.77 -0.01
5.78 -0.018
5.79 -0.027
5.8 -0.035
5.81 -0.043
5.82 -0.051
5.83 -0.059
5.84 -0.066
5.85 -0.074
5.86 -0.084
5.87 -0.093
5.88 -0.103
5.89 -0.112
5.9 -0.121
5.91 -0.129
5.92 -0.138
5.93 -0.146
5.94 -0.153
5.95 -0.161
5.96 -0.168
5.97 -0.172
5.98 -0.176
5.99 -0.181
6.0 -0.184
6.01 -0.188
6.02 -0.191
6.03 -0.194
6.04 -0.197
6.05 -0.199
6.06 -0.201
6.07 -0.203
6.08 -0.205
6.09 -0.206
6.1 -0.208
6.11 -0.208
6.12 -0.209
6.13 -0.209
6.14 -0.209
6.15 -0.209
6.16 -0.208
6.17 -0.207
6.18 -0.206
6.19 -0.205
6.2 -0.203
6.21 -0.201
6.22 -0.199
6.23 -0.197
6.24 -0.194
6.25 -0.191
6.26 -0.188
6.27 -0.185
6.28 -0.181
6.29 -0.178
6.3 -0.174
6.31 -0.17
6.32 -0.164
6.33 -0.157
6.34 -0.15
6.35 -0.143
6.36 -0.136
6.37 -0.128
6.38 -0.12
6.39 -0.112
6.4 -0.104
6.41 -0.095
6.42 -0.087
6.43 -0.078
6.44 -0.07
6.45 -0.064
6.46 -0.057
6.47 -0.05
6.48 -0.043
6.49 -0.037
6.5 -0.03
6.51 -0.023
6.52 -0.016
6.53 -0.009
6.54 -0.002
6.55 0.004
6.56 0.011
6.57 0.018
6.58 0.026
6.59 0.035
6.6 0.043
6.61 0.051
6.62 0.058
6.63 0.065
6.64 0.072
6.65 0.079
6.66 0.086
6.66 0.086
6.67 0.092
6.68 0.099
6.69 0.105
6.7 0.111
6.71 0.116
6.72 0.122
6.73 0.127
6.74 0.132
6.75 0.136
6.76 0.14
6.77 0.144
6.78 0.148
6.79 0.152
6.8 0.155
6.81 0.157
6.82 0.16
6.83 0.162
6.84 0.164
6.85 0.166
6.86 0.167
6.87 0.168
6.88 0.169
6.89 0.169
6.9 0.169
6.91 0.169
6.92 0.168
6.93 0.167
6.94 0.166
6.95 0.164
6.96 0.162
6.97 0.16
6.98 0.157
6.99 0.154
7.0 0.151
7.01 0.148
7.02 0.144
7.03 0.14
7.04 0.135
7.05 0.13
7.06 0.125
7.07 0.12
7.08 0.114
7.09 0.108
7.1 0.101
7.11 0.095
7.12 0.088
7.13 0.08
7.14 0.073
7.15 0.065
7.16 0.057
7.17 0.049
7.18 0.04
7.19 0.031
7.2 0.021
7.21 0.013
7.22 0.006
7.23 -0.002
7.24 -0.01
7.25 -0.018
7.26 -0.026
7.27 -0.034
7.28 -0.043
7.29 -0.051
7.3 -0.06
7.31 -0.068
7.32 -0.078
7.33 -0.089
7.34 -0.101
7.35 -0.112
7.36 -0.124
7.37 -0.135
7.38 -0.146
7.39 -0.158
7.4 -0.169
7.41 -0.176
7.42 -0.184
7.43 -0.191
7.44 -0.199
7.45 -0.206
7.46 -0.213
7.47 -0.222
7.48 -0.231
7.49 -0.241
7.5 -0.25
7.51 -0.258
7.52 -0.267
7.53 -0.275
7.54 -0.283
7.55 -0.29
7.56 -0.297
7.57 -0.303
7.58 -0.309
7.59 -0.315
7.6 -0.321
7.61 -0.326
7.62 -0.331
7.63 -0.336
7.64 -0.34
7.65 -0.344
7.66 -0.348
7.67 -0.351
7.68 -0.355
7.69 -0.357
7.7 -0.36
7.71 -0.362
7.72 -0.364
7.73 -0.366
7.74 -0.367
7.75 -0.368
7.76 -0.368
7.77 -0.369
7.78 -0.369
7.79 -0.368
7.8 -0.368
7.81 -0.367
7.82 -0.365
7.83 -0.364
7.84 -0.362
7.85 -0.359
7.86 -0.357
7.87 -0.354
7.88 -0.351
7.89 -0.347
7.9 -0.344
7.91 -0.34
7.92 -0.336
7.93 -0.331
7.94 -0.326
7.95 -0.321
7.96 -0.316
7.97 -0.311
7.98 -0.305
7.99 -0.299
8.0 -0.293
8.01 -0.287
8.02 -0.28
8.03 -0.272
8.04 -0.264
8.05 -0.256
8.06 -0.248
8.07 -0.24
8.08 -0.232
8.09 -0.223
8.1 -0.215
8.11 -0.208
8.12 -0.202
8.13 -0.195
8.14 -0.189
8.15 -0.182
8.16 -0.176
8.17 -0.169
8.18 -0.16
8.19 -0.151
8.2 -0.141
8.21 -0.132
8.22 -0.123
8.23 -0.113
8.24 -0.104
8.25 -0.095
8.26 -0.086
8.27 -0.077
8.28 -0.07
8.29 -0.064
8.3 -0.057
8.31 -0.051
8.32 -0.046
8.33 -0.04
8.34 -0.034
8.35 -0.029
8.36 -0.024
8.37 -0.019
8.38 -0.014
8.39 -0.009
8.4 -0.005
8.41 -0.001
8.42 0.003
8.43 0.007
8.44 0.01
8.45 0.013
8.46 0.016
8.47 0.019
8.48 0.022
8.49 0.025
8.5 0.027
8.51 0.029
8.52 0.031
8.53 0.032
8.54 0.033
8.55 0.034
8.56 0.034
8.57 0.034
8.58 0.034
8.59 0.033
8.6 0.032
8.61 0.03
8.62 0.028
8.63 0.026
8.64 0.023
8.65 0.02
8.66 0.018
8.67 0.015
8.68 0.012
8.69 0.008
8.7 0.005
8.71 0.001
8.72 -0.003
8.73 -0.008
8.74 -0.012
8.75 -0.017
8.76 -0.022
8.77 -0.027
8.78 -0.033
8.79 -0.038
8.8 -0.044
8.81 -0.05
8.82 -0.057
8.83 -0.063
8.84 -0.07
8.85 -0.077
8.86 -0.087
8.87 -0.096
8.88 -0.106
8.89 -0.115
8.9 -0.125
8.91 -0.135
8.92 -0.145
8.93 -0.155
8.94 -0.166
8.95 -0.173
8.96 -0.181
8.97 -0.188
8.98 -0.195
8.99 -0.202
9.0 -0.209
9.01 -0.217
9.02 -0.227
9.03 -0.236
9.04 -0.246
9.05 -0.256
9.06 -0.265
9.07 -0.274
9.08 -0.284
9.09 -0.292
9.1 -0.299
9.11 -0.307
9.12 -0.315
9.13 -0.322
9.14 -0.329
9.15 -0.337
9.16 -0.343
9.17 -0.35
9.18 -0.357
9.19 -0.363
9.2 -0.369
9.21 -0.375
9.22 -0.381
9.23 -0.386
9.24 -0.391
9.25 -0.396
9.26 -0.401
9.27 -0.405
9.28 -0.409
9.29 -0.413
9.3 -0.416
9.31 -0.419
9.32 -0.422
9.33 -0.425
9.34 -0.427
9.35 -0.429
9.36 -0.431
9.37 -0.432
9.38 -0.433
9.39 -0.434
9.4 -0.434
9.41 -0.434
9.42 -0.434
9.43 -0.434
9.44 -0.433
9.45 -0.432
9.46 -0.43
9.47 -0.428
9.48 -0.426
9.49 -0.424
9.5 -0.421
9.51 -0.418
9.52 -0.415
9.53 -0.411
9.54 -0.407
9.55 -0.403
9.56 -0.398
9.57 -0.394
9.58 -0.389
9.59 -0.384
9.6 -0.378
9.61 -0.372
9.62 -0.366
9.63 -0.36
9.64 -0.354
9.65 -0.347
9.66 -0.341
9.67 -0.334
9.68 -0.327
9.69 -0.319
9.7 -0.312
9.71 -0.304
9.72 -0.297
9.73 -0.289
9.74 -0.281
9.75 -0.271
9.76 -0.262
9.77 -0.253
9.78 -0.243
9.79 -0.234
9.8 -0.224
9.81 -0.215
9.82 -0.207
9.83 -0.2
9.84 -0.193
9.85 -0.186
9.86 -0.179
9.87 -0.172
9.88 -0.164
9.89 -0.154
9.9 -0.144
9.91 -0.134
9.92 -0.125
9.93 -0.115
9.94 -0.106
9.95 -0.096
9.96 -0.087
9.97 -0.078
9.98 -0.071
