0.02 -0.398
0.03 -0.337
0.04 -0.26
0.05 -0.185
0.06 -0.093
0.07 -0.019
0.08 0.061
0.09 0.143
0.1 0.22
0.11 0.304
0.12 0.388
0.13 0.47
0.14 0.545
0.15 0.621
0.16 0.694
0.17 0.771
0.18 0.85
0.19 0.93
0.2 1.005
0.21 1.078
0.22 1.15
0.23 1.223
0.24 1.295
0.25 1.364
0.26 1.431
0.27 1.497
0.28 1.566
0.29 1.63
0.3 1.693
0.31 1.756
0.32 1.815
0.33 1.874
0.34 1.932
0.35 1.991
0.36 2.049
0.37 2.108
0.38 2.168
0.39 2.221
0.4 2.269
0.41 2.318
0.42 2.366
0.43 2.415
0.44 2.463
0.45 2.512
0.46 2.561
0.47 2.609
0.48 2.658
0.49 2.707
0.5 2.756
0.51 2.806
0.52 2.856
0.53 2.907
0.54 2.958
0.55 3.01
0.56 3.063
0.57 3.117
0.58 3.172
0.59 3.22
0.6 3.261
0.61 3.304
0.62 3.347
0.63 3.392
0.64 3.438
0.65 3.485
0.66 3.533
0.67 3.581
0.68 3.63
0.69 3.681
0.7 3.735
0.71 3.79
0.72 3.847
0.73 3.906
0.74 3.968
0.75 4.028
0.76 4.081
0.77 4.137
0.78 4.195
0.79 4.255
0.8 4.318
0.81 4.384
0.82 4.452
0.83 4.536
0.84 4.609
0.85 4.685
0.86 4.766
0.87 4.85
0.88 4.939
0.89 5.032
0.9 5.113
0.91 5.189
0.92 5.269
0.93 5.353
0.94 5.437
0.95 5.521
0.96 5.609
0.97 5.707
0.98 5.808
0.99 5.902
1.0 5.997
1.01 6.095
1.02 6.195
1.03 6.297
1.04 6.401
1.05 6.506
1.06 6.613
1.07 6.721
1.08 6.83
1.09 6.94
1.1 7.008
1.11 7.07
1.12 7.132
1.13 7.195
1.14 7.257
1.15 7.319
1.16 7.437
1.17 7.57
1.18 7.7
1.19 7.794
1.2 7.873
1.21 7.951
1.22 8.029
1.23 8.106
1.24 8.183
1.25 8.259
1.26 8.334
1.27 8.408
1.28 8.482
1.29 8.555
1.3 8.628
1.31 8.7
1.32 8.772
1.33 8.844
1.34 8.915
1.35 8.986
1.36 9.057
1.37 9.128
1.38 9.199
1.39 9.27
1.4 9.342
1.41 9.414
1.42 9.486
1.43 9.559
1.44 9.632
1.45 9.701
1.46 9.771
1.47 9.843
1.48 9.915
1.49 9.988
1.5 10.063
1.51 10.139
1.52 10.217
1.53 10.296
1.54 10.377
1.55 10.456
1.56 10.535
1.57 10.615
1.58 10.697
1.59 10.782
1.6 10.868
1.61 10.956
1.62 11.047
1.63 11.139
1.64 11.234
1.65 11.331
1.66 11.43
1.67 11.531
1.68 11.635
1.69 11.74
1.7 11.835
1.71 11.931
1.72 12.03
1.73 12.129
1.74 12.23
1.75 12.332
1.76 12.436
1.77 12.54
1.78 12.645
1.79 12.751
1.8 12.857
1.81 12.967
1.82 13.092
1.83 13.21
1.84 13.311
1.85 13.411
1.86 13.511
1.87 13.61
1.88 13.707
1.89 13.804
1.9 13.9
1.91 13.994
1.92 14.087
1.93 14.18
1.94 14.27
1.95 14.36
1.96 14.448
1.97 14.536
1.98 14.622
1.99 14.707
2.0 14.79
2.01 14.873
2.02 14.955
2.03 15.036
2.04 15.117
2.05 15.196
2.06 15.276
2.07 15.354
2.08 15.433
2.09 15.511
2.1 15.589
2.11 15.667
2.12 15.744
2.13 15.823
2.14 15.901
2.15 15.98
2.16 16.059
2.17 16.139
2.18 16.22
2.19 16.302
2.2 16.384
2.21 16.468
2.22 16.553
2.23 16.639
2.24 16.726
2.25 16.815
2.26 16.905
2.27 16.997
2.28 17.09
2.29 17.185
2.3 17.281
2.31 17.379
2.32 17.479
2.33 17.581
2.34 17.684
2.35 17.788
2.36 17.894
2.37 18.0
2.38 18.104
2.39 18.21
2.4 18.316
2.41 18.423
2.42 18.531
2.43 18.64
2.44 18.749
2.45 18.858
2.46 18.968
2.47 19.077
2.48 19.186
2.49 19.295
2.5 19.403
2.51 19.51
2.52 19.617
2.53 19.723
2.54 19.827
2.55 19.931
2.56 20.033
2.57 20.134
2.58 20.234
2.59 20.332
2.6 20.429
2.61 20.524
2.62 20.618
2.63 20.711
2.64 20.802
2.65 20.892
2.66 20.98
2.67 21.068
2.68 21.154
2.69 21.239
2.7 21.323
2.71 21.406
2.72 21.488
2.73 21.57
2.74 21.65
2.75 21.731
2.76 21.811
2.77 21.89
2.78 21.97
2.79 22.049
2.8 22.129
2.81 22.208
2.82 22.288
2.83 22.368
2.84 22.449
2.85 22.531
2.86 22.613
2.87 22.695
2.88 22.779
2.89 22.864
2.9 22.95
2.91 23.037
2.92 23.125
2.93 23.215
2.94 23.306
2.95 23.398
2.96 23.492
2.97 23.587
2.98 23.681
2.99 23.776
3.0 23.871
3.01 23.968
3.02 24.066
3.03 24.166
3.04 24.267
3.05 24.368
3.06 24.471
3.07 24.575
3.08 24.679
3.09 24.784
3.1 24.89
3.11 24.995
3.12 25.101
3.13 25.207
3.14 25.313
3.15 25.419
3.16 25.524
3.17 25.629
3.18 25.733
3.19 25.836
3.2 25.938
3.21 26.038
3.22 26.138
3.23 26.236
3.24 26.333
3.25 26.429
3.26 26.523
3.27 26.615
3.28 26.706
3.29 26.796
3.3 26.884
3.31 26.97
3.32 27.054
3.33 27.138
3.34 27.219
3.34 27.219
3.35 27.3
3.36 27.379
3.37 27.456
3.38 27.533
3.39 27.608
3.4 27.682
3.41 27.755
3.42 27.828
3.43 27.899
3.44 27.97
3.45 28.04
3.46 28.11
3.47 28.179
3.48 28.248
3.49 28.317
3.5 28.386
3.51 28.454
3.52 28.523
3.53 28.592
3.54 28.661
3.55 28.731
3.56 28.8
3.57 28.871
3.58 28.942
3.59 29.014
3.6 29.087
3.61 29.16
3.62 29.235
3.63 29.31
3.64 29.387
3.65 29.464
3.66 29.543
3.67 29.623
3.68 29.705
3.69 29.787
3.7 29.871
3.71 29.956
3.72 30.043
3.73 30.131
3.74 30.22
3.75 30.31
3.76 30.401
3.77 30.494
3.78 30.587
3.79 30.682
3.8 30.777
3.81 30.873
3.82 30.97
3.83 31.067
3.84 31.165
3.85 31.262
3.86 31.36
3.87 31.458
3.88 31.556
3.89 31.653
3.9 31.75
3.91 31.846
3.92 31.941
3.93 32.036
3.94 32.129
3.95 32.221
3.96 32.312
3.97 32.402
3.98 32.49
3.99 32.577
4.0 32.662
4.01 32.746
4.02 32.824
4.03 32.901
4.04 32.976
4.05 33.049
4.06 33.121
4.07 33.191
4.08 33.259
4.09 33.326
4.1 33.391
4.11 33.454
4.12 33.516
4.13 33.576
4.14 33.635
4.15 33.692
4.16 33.748
4.17 33.803
4.18 33.856
4.19 33.908
4.2 33.959
4.21 34.008
4.22 34.057
4.23 34.104
4.24 34.151
4.25 34.196
4.26 34.241
4.27 34.285
4.28 34.328
4.29 34.37
4.3 34.412
4.31 34.453
4.32 34.494
4.33 34.534
4.34 34.574
4.35 34.613
4.36 34.653
4.37 34.692
4.38 34.73
4.39 34.769
4.4 34.808
4.41 34.846
4.42 34.885
4.43 34.924
4.44 34.963
4.45 35.002
4.46 35.041
4.47 35.081
4.48 35.121
4.49 35.162
4.5 35.203
4.51 35.244
4.52 35.286
4.53 35.329
4.54 35.372
4.55 35.416
4.56 35.46
4.57 35.506
4.58 35.552
4.59 35.599
4.6 35.647
4.61 35.696
4.62 35.746
4.63 35.797
4.64 35.849
4.65 35.902
4.66 35.956
4.67 36.011
4.68 36.067
4.69 36.125
4.7 36.183
4.71 36.242
4.72 36.303
4.73 36.365
4.74 36.428
4.75 36.491
4.76 36.556
4.77 36.622
4.78 36.689
4.79 36.756
4.8 36.825
4.81 36.894
4.82 36.964
4.83 37.035
4.84 37.106
4.85 37.178
4.86 37.25
4.87 37.322
4.88 37.394
4.89 37.467
4.9 37.54
4.91 37.612
4.92 37.684
4.93 37.756
4.94 37.827
4.95 37.898
4.96 37.969
4.97 38.038
4.98 38.107
4.99 38.174
5.0 38.241
5.01 38.306
5.02 38.371
5.03 38.434
5.04 38.495
5.05 38.555
5.06 38.614
5.07 38.671
5.08 38.727
5.09 38.781
5.1 38.833
5.11 38.883
5.12 38.932
5.13 38.979
5.14 39.024
5.15 39.067
5.16 39.108
5.17 39.148
5.18 39.186
5.19 39.221
5.2 39.255
5.21 39.287
5.22 39.317
5.23 39.346
5.24 39.372
5.25 39.396
5.26 39.419
5.27 39.439
5.28 39.458
5.29 39.475
5.3 39.49
5.31 39.503
5.32 39.515
5.33 39.524
5.34 39.532
5.35 39.537
5.36 39.541
5.37 39.543
5.38 39.543
5.39 39.542
5.4 39.538
5.41 39.533
5.42 39.525
5.43 39.516
5.44 39.505
5.45 39.492
5.46 39.478
5.47 39.461
5.48 39.442
5.49 39.422
5.5 39.4
5.51 39.376
5.52 39.349
5.53 39.321
5.54 39.292
5.55 39.26
5.56 39.226
5.57 39.19
5.58 39.153
5.59 39.113
5.6 39.072
5.61 39.029
5.62 38.984
5.63 38.937
5.64 38.888
5.65 38.838
5.66 38.786
5.67 38.732
5.68 38.676
5.69 38.619
5.7 38.56
5.71 38.5
5.72 38.438
5.73 38.375
5.74 38.31
5.75 38.244
5.76 38.177
5.77 38.109
5.78 38.04
5.79 37.97
5.8 37.9
5.81 37.828
5.82 37.756
5.83 37.684
5.84 37.611
5.85 37.538
5.86 37.464
5.87 37.391
5.88 37.318
5.89 37.244
5.9 37.171
5.91 37.099
5.92 37.026
5.93 36.955
5.94 36.884
5.95 36.813
5.96 36.743
5.97 36.674
5.98 36.606
5.99 36.539
6.0 36.473
6.01 36.407
6.02 36.343
6.03 36.279
6.04 36.217
6.05 36.156
6.06 36.095
6.07 36.036
6.08 35.977
6.09 35.92
6.1 35.863
6.11 35.808
6.12 35.753
6.13 35.7
6.14 35.647
6.15 35.595
6.16 35.544
6.17 35.493
6.18 35.443
6.19 35.394
6.2 35.346
6.21 35.297
6.22 35.25
6.23 35.203
6.24 35.156
6.25 35.11
6.26 35.063
6.27 35.017
6.28 34.971
6.29 34.926
6.3 34.88
6.31 34.834
6.32 34.788
6.33 34.742
6.34 34.695
6.35 34.649
6.36 34.602
6.37 34.554
6.38 34.506
6.39 34.457
6.4 34.408
6.41 34.357
6.42 34.307
6.43 34.255
6.44 34.202
6.45 34.148
6.46 34.093
6.47 34.037
6.48 33.98
6.49 33.921
6.5 33.861
6.51 33.799
6.52 33.736
6.53 33.672
6.54 33.606
6.55 33.538
6.56 33.468
6.57 33.397
6.58 33.324
6.59 33.249
6.6 33.172
6.61 33.094
6.62 33.013
6.63 32.931
6.64 32.846
6.65 32.76
6.66 32.669
6.66 32.669
6.67 32.576
6.68 32.48
6.69 32.383
6.7 32.284
6.71 32.184
6.72 32.082
6.73 31.979
6.74 31.875
6.75 31.77
6.76 31.664
6.77 31.557
6.78 31.45
6.79 31.342
6.8 31.235
6.81 31.127
6.82 31.019
6.83 30.911
6.84 30.804
6.85 30.697
6.86 30.59
6.87 30.485
6.88 30.38
6.89 30.276
6.9 30.173
6.91 30.071
6.92 29.971
6.93 29.871
6.94 29.772
6.95 29.674
6.96 29.578
6.97 29.482
6.98 29.387
6.99 29.293
7.0 29.2
7.01 29.108
7.02 29.016
7.03 28.925
7.04 28.834
7.05 28.744
7.06 28.653
7.07 28.563
7.08 28.473
7.09 28.383
7.1 28.292
7.11 28.201
7.12 28.11
7.13 28.017
7.14 27.924
7.15 27.83
7.16 27.735
7.17 27.638
7.18 27.541
7.19 27.442
7.2 27.341
7.21 27.239
7.22 27.135
7.23 27.029
7.24 26.922
7.25 26.812
7.26 26.701
7.27 26.588
7.28 26.473
7.29 26.357
7.3 26.238
7.31 26.118
7.32 25.996
7.33 25.873
7.34 25.749
7.35 25.623
7.36 25.497
7.37 25.369
7.38 25.241
7.39 25.113
7.4 24.984
7.41 24.855
7.42 24.726
7.43 24.597
7.44 24.469
7.45 24.342
7.46 24.215
7.47 24.089
7.48 23.964
7.49 23.84
7.5 23.717
7.51 23.594
7.52 23.468
7.53 23.343
7.54 23.22
7.55 23.097
7.56 22.975
7.57 22.855
7.58 22.735
7.59 22.615
7.6 22.496
7.61 22.378
7.62 22.259
7.63 22.141
7.64 22.023
7.65 21.904
7.66 21.784
7.67 21.664
7.68 21.544
7.69 21.422
7.7 21.299
7.71 21.175
7.72 21.049
7.73 20.922
7.74 20.793
7.75 20.663
7.76 20.53
7.77 20.397
7.78 20.261
7.79 20.123
7.8 19.984
7.81 19.844
7.82 19.701
7.83 19.558
7.84 19.413
7.85 19.268
7.86 19.121
7.87 18.974
7.88 18.826
7.89 18.679
7.9 18.531
7.91 18.383
7.92 18.236
7.93 18.09
7.94 17.944
7.95 17.793
7.96 17.644
7.97 17.496
7.98 17.349
7.99 17.204
8.0 17.06
8.01 16.917
8.02 16.776
8.03 16.635
8.04 16.496
8.05 16.358
8.06 16.22
8.07 16.083
8.08 15.946
8.09 15.809
8.1 15.673
8.11 15.536
8.12 15.399
8.13 15.261
8.14 15.123
8.15 14.983
8.16 14.842
8.17 14.701
8.18 14.558
8.19 14.413
8.2 14.267
8.21 14.12
8.22 13.971
8.23 13.82
8.24 13.668
8.25 13.515
8.26 13.361
8.27 13.206
8.28 13.02
8.29 12.846
8.3 12.684
8.31 12.523
8.32 12.363
8.33 12.204
8.34 12.047
8.35 11.892
8.36 11.738
8.37 11.568
8.38 11.4
8.39 11.235
8.4 11.072
8.41 10.912
8.42 10.755
8.43 10.601
8.44 10.449
8.45 10.291
8.46 10.132
8.47 9.976
8.48 9.822
8.49 9.669
8.5 9.51
8.51 9.35
8.52 9.191
8.53 9.032
8.54 8.875
8.55 8.718
8.56 8.562
8.57 8.407
8.58 8.252
8.59 8.097
8.6 7.942
8.61 7.787
8.62 7.566
8.63 7.327
8.64 7.211
8.65 7.097
8.66 6.983
8.67 6.801
8.68 6.605
8.69 6.413
8.7 6.225
8.71 6.042
8.72 5.864
8.73 5.677
8.74 5.504
8.75 5.338
8.76 5.174
8.77 5.004
8.78 4.811
8.79 4.63
8.8 4.447
8.81 4.282
8.82 4.126
8.83 3.97
8.84 3.795
8.85 3.629
8.86 3.47
8.87 3.314
8.88 3.153
8.89 2.96
8.9 2.776
8.91 2.601
8.92 2.433
8.93 2.271
8.94 2.1
8.95 1.922
8.96 1.751
8.97 1.575
8.98 1.396
8.99 1.216
9.0 1.036
9.01 0.849
9.02 0.665
9.03 0.489
9.04 0.297
9.05 0.111
9.06 -0.068
9.07 -0.266
9.08 -0.454
9.09 -0.643
9.1 -0.827
9.11 -1.014
9.12 -1.198
9.13 -1.388
9.14 -1.557
9.15 -1.739
9.16 -1.935
9.17 -2.111
9.18 -2.28
9.19 -2.45
9.2 -2.629
9.21 -2.808
9.22 -2.985
9.23 -3.174
9.24 -3.341
9.25 -3.52
9.26 -3.707
9.27 -3.888
9.28 -4.06
9.29 -4.233
9.3 -4.426
9.31 -4.627
9.32 -4.808
9.33 -4.983
9.34 -5.168
9.35 -5.353
9.36 -5.525
9.37 -5.725
9.38 -5.931
9.39 -6.142
9.4 -6.353
9.41 -6.544
9.42 -6.802
9.43 -6.941
9.44 -7.118
9.45 -7.354
9.46 -7.58
9.47 -7.762
9.48 -7.942
9.49 -8.122
9.5 -8.301
9.51 -8.48
9.52 -8.658
9.53 -8.836
9.54 -9.013
9.55 -9.19
9.56 -9.368
9.57 -9.546
9.58 -9.725
9.59 -9.905
9.6 -10.086
9.61 -10.268
9.62 -10.453
9.63 -10.639
9.64 -10.827
9.65 -11.017
9.66 -11.209
9.67 -11.403
9.68 -11.599
9.69 -11.797
9.7 -11.997
9.71 -12.198
9.72 -12.4
9.73 -12.603
9.74 -12.806
9.75 -13.01
9.76 -13.213
9.77 -13.417
9.78 -13.619
9.79 -13.821
9.8 -14.022
9.81 -14.223
9.82 -14.422
9.83 -14.62
9.84 -14.818
9.85 -15.015
9.86 -15.212
9.87 -15.408
9.88 -15.604
9.89 -15.801
9.9 -15.998
9.91 -16.196
9.92 -16.396
9.93 -16.597
9.94 -16.799
9.95 -17.003
9.96 -17.208
9.97 -17.398
9.98 -17.591
