0.02 2.542
0.03 2.607
0.04 2.601
0.05 2.57
0.06 2.532
0.07 2.493
0.08 2.456
0.09 2.42
0.1 2.384
0.11 2.348
0.12 2.312
0.13 2.276
0.14 2.24
0.15 2.203
0.16 2.159
0.17 2.113
0.18 2.067
0.19 2.02
0.2 1.973
0.21 1.926
0.22 1.877
0.23 1.827
0.24 1.777
0.25 1.724
0.26 1.669
0.27 1.614
0.28 1.557
0.29 1.496
0.3 1.436
0.31 1.376
0.32 1.316
0.33 1.25
0.34 1.185
0.35 1.117
0.36 1.049
0.37 0.981
0.38 0.908
0.39 0.834
0.4 0.759
0.41 0.688
0.42 0.618
0.43 0.545
0.44 0.474
0.45 0.396
0.46 0.316
0.47 0.234
0.48 0.16
0.49 0.082
0.5 0.002
0.51 -0.066
0.52 -0.156
0.53 -0.227
0.54 -0.31
0.55 -0.387
0.56 -0.464
0.57 -0.541
0.58 -0.618
0.59 -0.694
0.6 -0.767
0.61 -0.84
0.62 -0.912
0.63 -0.982
0.64 -1.052
0.65 -1.12
0.66 -1.184
0.67 -1.252
0.68 -1.321
0.69 -1.383
0.7 -1.439
0.71 -1.494
0.72 -1.549
0.73 -1.603
0.74 -1.662
0.75 -1.713
0.76 -1.768
0.77 -1.823
0.78 -1.876
0.79 -1.928
0.8 -1.98
0.81 -2.023
0.82 -2.063
0.83 -2.102
0.84 -2.14
0.85 -2.177
0.86 -2.214
0.87 -2.248
0.88 -2.281
0.89 -2.313
0.9 -2.344
0.91 -2.375
0.92 -2.406
0.93 -2.436
0.94 -2.465
0.95 -2.494
0.96 -2.522
0.97 -2.55
0.98 -2.577
0.99 -2.604
1.0 -2.63
1.01 -2.656
1.02 -2.681
1.03 -2.705
1.04 -2.73
1.05 -2.751
1.06 -2.771
1.07 -2.79
1.08 -2.808
1.09 -2.826
1.1 -2.844
1.11 -2.861
1.12 -2.879
1.13 -2.895
1.14 -2.91
1.15 -2.927
1.16 -2.945
1.17 -2.962
1.18 -2.979
1.19 -2.995
1.2 -3.012
1.21 -3.029
1.22 -3.046
1.23 -3.063
1.24 -3.08
1.25 -3.098
1.26 -3.115
1.27 -3.131
1.28 -3.147
1.29 -3.162
1.3 -3.176
1.31 -3.19
1.32 -3.204
1.33 -3.219
1.34 -3.233
1.35 -3.248
1.36 -3.262
1.37 -3.277
1.38 -3.291
1.39 -3.307
1.4 -3.321
1.41 -3.336
1.42 -3.352
1.43 -3.367
1.44 -3.383
1.45 -3.398
1.46 -3.414
1.47 -3.43
1.48 -3.446
1.49 -3.462
1.5 -3.48
1.51 -3.496
1.52 -3.514
1.53 -3.532
1.54 -3.55
1.55 -3.57
1.56 -3.591
1.57 -3.613
1.58 -3.636
1.59 -3.658
1.6 -3.679
1.61 -3.703
1.62 -3.727
1.63 -3.751
1.64 -3.776
1.65 -3.803
1.66 -3.83
1.67 -3.858
1.68 -3.887
1.69 -3.917
1.7 -3.948
1.71 -3.978
1.72 -4.006
1.73 -4.036
1.74 -4.067
1.75 -4.099
1.76 -4.133
1.77 -4.17
1.78 -4.21
1.79 -4.252
1.8 -4.294
1.81 -4.339
1.82 -4.385
1.83 -4.432
1.84 -4.481
1.85 -4.532
1.86 -4.586
1.87 -4.642
1.88 -4.699
1.89 -4.748
1.9 -4.798
1.91 -4.849
1.92 -4.904
1.93 -4.959
1.94 -5.017
1.95 -5.076
1.96 -5.137
1.97 -5.201
1.98 -5.267
1.99 -5.329
2.0 -5.39
2.01 -5.453
2.02 -5.512
2.03 -5.584
2.04 -5.658
2.05 -5.735
2.06 -5.812
2.07 -5.891
2.08 -5.97
2.09 -6.051
2.1 -6.135
2.11 -6.219
2.12 -6.303
2.13 -6.377
2.14 -6.447
2.15 -6.522
2.16 -6.608
2.17 -6.715
2.18 -6.808
2.19 -6.859
2.2 -6.911
2.21 -6.961
2.22 -7.012
2.23 -7.087
2.24 -7.169
2.25 -7.25
2.26 -7.329
2.27 -7.407
2.28 -7.483
2.29 -7.556
2.3 -7.613
2.31 -7.669
2.32 -7.723
2.33 -7.776
2.34 -7.83
2.35 -7.881
2.36 -7.93
2.37 -7.977
2.38 -8.024
2.39 -8.07
2.4 -8.115
2.41 -8.158
2.42 -8.199
2.43 -8.239
2.44 -8.278
2.45 -8.315
2.46 -8.35
2.47 -8.384
2.48 -8.418
2.49 -8.45
2.5 -8.479
2.51 -8.508
2.52 -8.535
2.53 -8.562
2.54 -8.587
2.55 -8.611
2.56 -8.634
2.57 -8.657
2.58 -8.678
2.59 -8.699
2.6 -8.72
2.61 -8.741
2.62 -8.759
2.63 -8.777
2.64 -8.793
2.65 -8.808
2.66 -8.823
2.67 -8.837
2.68 -8.849
2.69 -8.861
2.7 -8.872
2.71 -8.881
2.72 -8.889
2.73 -8.899
2.74 -8.906
2.75 -8.913
2.76 -8.919
2.77 -8.924
2.78 -8.929
2.79 -8.934
2.8 -8.937
2.81 -8.94
2.82 -8.942
2.83 -8.944
2.84 -8.945
2.85 -8.944
2.86 -8.943
2.87 -8.942
2.88 -8.939
2.89 -8.936
2.9 -8.933
2.91 -8.929
2.92 -8.924
2.93 -8.919
2.94 -8.912
2.95 -8.905
2.96 -8.897
2.97 -8.888
2.98 -8.879
2.99 -8.867
3.0 -8.858
3.01 -8.846
3.02 -8.832
3.03 -8.818
3.04 -8.803
3.05 -8.787
3.06 -8.77
3.07 -8.753
3.08 -8.735
3.09 -8.714
3.1 -8.694
3.11 -8.673
3.12 -8.651
3.13 -8.627
3.14 -8.602
3.15 -8.576
3.16 -8.549
3.17 -8.522
3.18 -8.493
3.19 -8.463
3.2 -8.433
3.21 -8.401
3.22 -8.367
3.23 -8.333
3.24 -8.298
3.25 -8.261
3.26 -8.224
3.27 -8.186
3.28 -8.146
3.29 -8.105
3.3 -8.062
3.31 -8.018
3.32 -7.972
3.33 -7.927
3.34 -7.878
3.34 -7.878
3.35 -7.83
3.36 -7.779
3.37 -7.727
3.38 -7.673
3.39 -7.619
3.4 -7.563
3.41 -7.495
3.42 -7.418
3.43 -7.341
3.44 -7.261
3.45 -7.181
3.46 -7.099
3.47 -7.021
3.48 -6.972
3.49 -6.923
3.5 -6.873
3.51 -6.822
3.52 -6.75
3.53 -6.648
3.54 -6.554
3.55 -6.48
3.56 -6.41
3.57 -6.344
3.58 -6.268
3.59 -6.188
3.6 -6.11
3.61 -6.034
3.62 -5.959
3.63 -5.885
3.64 -5.811
3.65 -5.738
3.66 -5.668
3.67 -5.598
3.68 -5.529
3.69 -5.465
3.7 -5.415
3.71 -5.356
3.72 -5.3
3.73 -5.241
3.74 -5.181
3.75 -5.122
3.76 -5.066
3.77 -5.013
3.78 -4.961
3.79 -4.911
3.8 -4.864
3.81 -4.818
3.82 -4.775
3.83 -4.733
3.84 -4.693
3.85 -4.646
3.86 -4.599
3.87 -4.555
3.88 -4.511
3.89 -4.471
3.9 -4.433
3.91 -4.397
3.92 -4.362
3.93 -4.33
3.94 -4.299
3.95 -4.268
3.96 -4.239
3.97 -4.212
3.98 -4.186
3.99 -4.162
4.0 -4.141
4.01 -4.121
4.02 -4.103
4.03 -4.087
4.04 -4.072
4.05 -4.057
4.06 -4.044
4.07 -4.031
4.08 -4.02
4.09 -4.01
4.1 -4.001
4.11 -3.993
4.12 -3.987
4.13 -3.981
4.14 -3.976
4.15 -3.972
4.16 -3.969
4.17 -3.967
4.18 -3.966
4.19 -3.966
4.2 -3.968
4.21 -3.969
4.22 -3.971
4.23 -3.975
4.24 -3.98
4.25 -3.986
4.26 -3.993
4.27 -4.001
4.28 -4.01
4.29 -4.02
4.3 -4.031
4.31 -4.043
4.32 -4.056
4.33 -4.069
4.34 -4.084
4.35 -4.099
4.36 -4.116
4.37 -4.134
4.38 -4.153
4.39 -4.176
4.4 -4.2
4.41 -4.227
4.42 -4.255
4.43 -4.285
4.44 -4.316
4.45 -4.348
4.46 -4.381
4.47 -4.416
4.48 -4.453
4.49 -4.491
4.5 -4.532
4.51 -4.573
4.52 -4.616
4.53 -4.662
4.54 -4.705
4.55 -4.744
4.56 -4.785
4.57 -4.827
4.58 -4.871
4.59 -4.917
4.6 -4.964
4.61 -5.014
4.62 -5.066
4.63 -5.118
4.64 -5.174
4.65 -5.23
4.66 -5.287
4.67 -5.339
4.68 -5.394
4.69 -5.45
4.7 -5.499
4.71 -5.563
4.72 -5.629
4.73 -5.696
4.74 -5.765
4.75 -5.836
4.76 -5.909
4.77 -5.982
4.78 -6.056
4.79 -6.13
4.8 -6.207
4.81 -6.284
4.82 -6.355
4.83 -6.416
4.84 -6.483
4.85 -6.552
4.86 -6.638
4.87 -6.733
4.88 -6.81
4.89 -6.857
4.9 -6.904
4.91 -6.951
4.92 -6.996
4.93 -7.05
4.94 -7.126
4.95 -7.199
4.96 -7.272
4.97 -7.344
4.98 -7.413
4.99 -7.483
5.0 -7.549
5.01 -7.598
5.02 -7.647
5.03 -7.694
5.04 -7.739
5.05 -7.784
5.06 -7.829
5.07 -7.872
5.08 -7.912
5.09 -7.951
5.1 -7.989
5.11 -8.025
5.12 -8.06
5.13 -8.094
5.14 -8.125
5.15 -8.156
5.16 -8.185
5.17 -8.214
5.18 -8.242
5.19 -8.268
5.2 -8.292
5.21 -8.317
5.22 -8.339
5.23 -8.36
5.24 -8.379
5.25 -8.399
5.26 -8.416
5.27 -8.433
5.28 -8.448
5.29 -8.462
5.3 -8.475
5.31 -8.487
5.32 -8.498
5.33 -8.508
5.34 -8.516
5.35 -8.523
5.36 -8.531
5.37 -8.537
5.38 -8.541
5.39 -8.546
5.4 -8.549
5.41 -8.551
5.42 -8.552
5.43 -8.551
5.44 -8.55
5.45 -8.548
5.46 -8.543
5.47 -8.539
5.48 -8.532
5.49 -8.524
5.5 -8.516
5.51 -8.506
5.52 -8.495
5.53 -8.483
5.54 -8.47
5.55 -8.454
5.56 -8.438
5.57 -8.421
5.58 -8.402
5.59 -8.381
5.6 -8.36
5.61 -8.337
5.62 -8.314
5.63 -8.29
5.64 -8.264
5.65 -8.237
5.66 -8.209
5.67 -8.179
5.68 -8.148
5.69 -8.114
5.7 -8.082
5.71 -8.046
5.72 -8.009
5.73 -7.972
5.74 -7.932
5.75 -7.891
5.76 -7.848
5.77 -7.805
5.78 -7.76
5.79 -7.713
5.8 -7.666
5.81 -7.617
5.82 -7.565
5.83 -7.505
5.84 -7.436
5.85 -7.364
5.86 -7.292
5.87 -7.218
5.88 -7.141
5.89 -7.063
5.9 -7.002
5.91 -6.955
5.92 -6.907
5.93 -6.86
5.94 -6.813
5.95 -6.733
5.96 -6.632
5.97 -6.544
5.98 -6.472
5.99 -6.403
6.0 -6.338
6.01 -6.261
6.02 -6.182
6.03 -6.105
6.04 -6.028
6.05 -5.953
6.06 -5.877
6.07 -5.805
6.08 -5.731
6.09 -5.66
6.1 -5.591
6.11 -5.523
6.12 -5.463
6.13 -5.408
6.14 -5.349
6.15 -5.292
6.16 -5.233
6.17 -5.173
6.18 -5.114
6.19 -5.059
6.2 -5.005
6.21 -4.954
6.22 -4.905
6.23 -4.857
6.24 -4.81
6.25 -4.766
6.26 -4.723
6.27 -4.679
6.28 -4.629
6.29 -4.582
6.3 -4.537
6.31 -4.493
6.32 -4.452
6.33 -4.413
6.34 -4.375
6.35 -4.339
6.36 -4.305
6.37 -4.271
6.38 -4.24
6.39 -4.211
6.4 -4.183
6.41 -4.156
6.42 -4.133
6.43 -4.112
6.44 -4.091
6.45 -4.072
6.46 -4.054
6.47 -4.038
6.48 -4.022
6.49 -4.007
6.5 -3.995
6.51 -3.981
6.52 -3.97
6.53 -3.957
6.54 -3.945
6.55 -3.934
6.56 -3.925
6.57 -3.917
6.58 -3.91
6.59 -3.904
6.6 -3.899
6.61 -3.894
6.62 -3.89
6.63 -3.889
6.64 -3.888
6.65 -3.887
6.66 -3.888
6.66 -3.888
6.67 -3.889
6.68 -3.892
6.69 -3.896
6.7 -3.902
6.71 -3.908
6.72 -3.916
6.73 -3.925
6.74 -3.935
6.75 -3.946
6.76 -3.958
6.77 -3.971
6.78 -3.982
6.79 -3.995
6.8 -4.008
6.81 -4.022
6.82 -4.036
6.83 -4.053
6.84 -4.07
6.85 -4.088
6.86 -4.107
6.87 -4.127
6.88 -4.149
6.89 -4.172
6.9 -4.198
6.91 -4.226
6.92 -4.255
6.93 -4.286
6.94 -4.317
6.95 -4.35
6.96 -4.385
6.97 -4.421
6.98 -4.459
6.99 -4.499
7.0 -4.541
7.01 -4.585
7.02 -4.631
7.03 -4.679
7.04 -4.721
7.05 -4.762
7.06 -4.803
7.07 -4.846
7.08 -4.892
7.09 -4.939
7.1 -4.989
7.11 -5.04
7.12 -5.094
7.13 -5.149
7.14 -5.206
7.15 -5.265
7.16 -5.32
7.17 -5.375
7.18 -5.432
7.19 -5.481
7.2 -5.546
7.21 -5.613
7.22 -5.681
7.23 -5.751
7.24 -5.823
7.25 -5.896
7.26 -5.97
7.27 -6.045
7.28 -6.119
7.29 -6.196
7.3 -6.272
7.31 -6.344
7.32 -6.406
7.33 -6.472
7.34 -6.542
7.35 -6.625
7.36 -6.721
7.37 -6.805
7.38 -6.851
7.39 -6.898
7.4 -6.944
7.41 -6.989
7.42 -7.041
7.43 -7.117
7.44 -7.19
7.45 -7.262
7.46 -7.335
7.47 -7.403
7.48 -7.472
7.49 -7.537
7.5 -7.588
7.51 -7.636
7.52 -7.683
7.53 -7.728
7.54 -7.772
7.55 -7.817
7.56 -7.859
7.57 -7.901
7.58 -7.939
7.59 -7.978
7.6 -8.014
7.61 -8.048
7.62 -8.081
7.63 -8.112
7.64 -8.142
7.65 -8.172
7.66 -8.2
7.67 -8.228
7.68 -8.255
7.69 -8.28
7.7 -8.303
7.71 -8.326
7.72 -8.347
7.73 -8.368
7.74 -8.389
7.75 -8.407
7.76 -8.424
7.77 -8.441
7.78 -8.456
7.79 -8.469
7.8 -8.481
7.81 -8.493
7.82 -8.503
7.83 -8.512
7.84 -8.519
7.85 -8.526
7.86 -8.531
7.87 -8.536
7.88 -8.54
7.89 -8.542
7.9 -8.544
7.91 -8.545
7.92 -8.544
7.93 -8.542
7.94 -8.538
7.95 -8.534
7.96 -8.528
7.97 -8.52
7.98 -8.513
7.99 -8.504
8.0 -8.492
8.01 -8.481
8.02 -8.468
8.03 -8.452
8.04 -8.437
8.05 -8.42
8.06 -8.401
8.07 -8.381
8.08 -8.36
8.09 -8.338
8.1 -8.313
8.11 -8.289
8.12 -8.263
8.13 -8.235
8.14 -8.205
8.15 -8.175
8.16 -8.144
8.17 -8.11
8.18 -8.076
8.19 -8.041
8.2 -8.004
8.21 -7.965
8.22 -7.927
8.23 -7.886
8.24 -7.843
8.25 -7.8
8.26 -7.754
8.27 -7.707
8.28 -7.658
8.29 -7.609
8.3 -7.557
8.31 -7.49
8.32 -7.42
8.33 -7.347
8.34 -7.273
8.35 -7.198
8.36 -7.121
8.37 -7.044
8.38 -6.992
8.39 -6.945
8.4 -6.899
8.41 -6.851
8.42 -6.804
8.43 -6.718
8.44 -6.621
8.45 -6.539
8.46 -6.469
8.47 -6.404
8.48 -6.34
8.49 -6.268
8.5 -6.192
8.51 -6.116
8.52 -6.041
8.53 -5.967
8.54 -5.895
8.55 -5.823
8.56 -5.754
8.57 -5.686
8.58 -5.618
8.59 -5.553
8.6 -5.487
8.61 -5.438
8.62 -5.38
8.63 -5.326
8.64 -5.272
8.65 -5.213
8.66 -5.157
8.67 -5.101
8.68 -5.049
8.69 -4.997
8.7 -4.947
8.71 -4.899
8.72 -4.854
8.73 -4.811
8.74 -4.769
8.75 -4.729
8.76 -4.691
8.77 -4.644
8.78 -4.6
8.79 -4.557
8.8 -4.517
8.81 -4.478
8.82 -4.442
8.83 -4.406
8.84 -4.373
8.85 -4.342
8.86 -4.312
8.87 -4.283
8.88 -4.256
8.89 -4.229
8.9 -4.204
8.91 -4.182
8.92 -4.16
8.93 -4.142
8.94 -4.125
8.95 -4.11
8.96 -4.097
8.97 -4.084
8.98 -4.072
8.99 -4.061
9.0 -4.052
9.01 -4.043
9.02 -4.036
9.03 -4.029
9.04 -4.023
9.05 -4.018
9.06 -4.014
9.07 -4.011
9.08 -4.009
9.09 -4.007
9.1 -4.007
9.11 -4.007
9.12 -4.008
9.13 -4.01
9.14 -4.013
9.15 -4.017
9.16 -4.021
9.17 -4.027
9.18 -4.034
9.19 -4.042
9.2 -4.051
9.21 -4.062
9.22 -4.073
9.23 -4.086
9.24 -4.1
9.25 -4.116
9.26 -4.132
9.27 -4.15
9.28 -4.171
9.29 -4.193
9.3 -4.218
9.31 -4.245
9.32 -4.274
9.33 -4.304
9.34 -4.335
9.35 -4.366
9.36 -4.399
9.37 -4.433
9.38 -4.47
9.39 -4.508
9.4 -4.547
9.41 -4.589
9.42 -4.634
9.43 -4.68
9.44 -4.721
9.45 -4.76
9.46 -4.802
9.47 -4.845
9.48 -4.89
9.49 -4.936
9.5 -4.983
9.51 -5.033
9.52 -5.085
9.53 -5.139
9.54 -5.194
9.55 -5.251
9.56 -5.306
9.57 -5.359
9.58 -5.414
9.59 -5.464
9.6 -5.521
9.61 -5.586
9.62 -5.652
9.63 -5.719
9.64 -5.787
9.65 -5.856
9.66 -5.928
9.67 -6.001
9.68 -6.075
9.69 -6.149
9.7 -6.225
9.71 -6.302
9.72 -6.369
9.73 -6.432
9.74 -6.5
9.75 -6.571
9.76 -6.661
9.77 -6.756
9.78 -6.821
9.79 -6.869
9.8 -6.916
9.81 -6.963
9.82 -7.009
9.83 -7.075
9.84 -7.152
9.85 -7.228
9.86 -7.302
9.87 -7.373
9.88 -7.444
9.89 -7.514
9.9 -7.573
9.91 -7.622
9.92 -7.671
9.93 -7.718
9.94 -7.763
9.95 -7.807
9.96 -7.852
9.97 -7.895
9.98 -7.936
