0.02 0.12
0.03 0.129
0.04 0.139
0.05 0.148
0.06 0.157
0.07 0.166
0.08 0.174
0.09 0.182
0.1 0.19
0.11 0.198
0.12 0.206
0.13 0.213
0.14 0.22
0.15 0.226
0.16 0.233
0.17 0.239
0.18 0.244
0.19 0.25
0.2 0.254
0.21 0.259
0.22 0.263
0.23 0.267
0.24 0.271
0.25 0.274
0.26 0.277
0.27 0.279
0.28 0.282
0.29 0.283
0.3 0.285
0.31 0.286
0.32 0.286
0.33 0.287
0.34 0.287
0.35 0.286
0.36 0.285
0.37 0.284
0.38 0.283
0.39 0.281
0.4 0.278
0.41 0.276
0.42 0.273
0.43 0.27
0.44 0.266
0.45 0.262
0.46 0.258
0.47 0.253
0.48 0.249
0.49 0.243
0.5 0.238
0.51 0.232
0.52 0.226
0.53 0.22
0.54 0.214
0.55 0.207
0.56 0.2
0.57 0.193
0.58 0.186
0.59 0.178
0.6 0.171
0.61 0.163
0.62 0.155
0.63 0.147
0.64 0.139
0.65 0.13
0.66 0.122
0.67 0.114
0.68 0.105
0.69 0.096
0.7 0.088
0.71 0.079
0.72 0.07
0.73 0.062
0.74 0.053
0.75 0.044
0.76 0.036
0.77 0.027
0.78 0.019
0.79 0.011
0.8 0.002
0.81 -0.006
0.82 -0.014
0.83 -0.022
0.84 -0.029
0.85 -0.037
0.86 -0.044
0.87 -0.051
0.88 -0.058
0.89 -0.065
0.9 -0.072
0.91 -0.078
0.92 -0.084
0.93 -0.09
0.94 -0.095
0.95 -0.101
0.96 -0.106
0.97 -0.11
0.98 -0.115
0.99 -0.119
1.0 -0.122
1.01 -0.126
1.02 -0.129
1.03 -0.132
1.04 -0.134
1.05 -0.136
1.06 -0.138
1.07 -0.139
1.08 -0.14
1.09 -0.141
1.1 -0.141
1.11 -0.141
1.12 -0.14
1.13 -0.14
1.14 -0.138
1.15 -0.137
1.16 -0.135
1.17 -0.133
1.18 -0.13
1.19 -0.127
1.2 -0.124
1.21 -0.12
1.22 -0.116
1.23 -0.112
1.24 -0.107
1.25 -0.102
1.26 -0.097
1.27 -0.091
1.28 -0.085
1.29 -0.079
1.3 -0.072
1.31 -0.065
1.32 -0.058
1.33 -0.051
1.34 -0.043
1.35 -0.035
1.36 -0.027
1.37 -0.019
1.38 -0.01
1.39 -0.001
1.4 0.008
1.41 0.017
1.42 0.026
1.43 0.036
1.44 0.045
1.45 0.055
1.46 0.065
1.47 0.075
1.48 0.085
1.49 0.095
1.5 0.105
1.51 0.115
1.52 0.126
1.53 0.136
1.54 0.146
1.55 0.157
1.56 0.167
1.57 0.177
1.58 0.187
1.59 0.197
1.6 0.207
1.61 0.217
1.62 0.227
1.63 0.237
1.64 0.246
1.65 0.256
1.66 0.265
1.67 0.274
1.68 0.283
1.69 0.292
1.7 0.3
1.71 0.309
1.72 0.317
1.73 0.325
1.74 0.332
1.75 0.34
1.76 0.347
1.77 0.354
1.78 0.36
1.79 0.366
1.8 0.372
1.81 0.378
1.82 0.383
1.83 0.389
1.84 0.393
1.85 0.398
1.86 0.402
1.87 0.405
1.88 0.409
1.89 0.412
1.9 0.415
1.91 0.417
1.92 0.419
1.93 0.421
1.94 0.422
1.95 0.423
1.96 0.423
1.97 0.424
1.98 0.423
1.99 0.423
2.0 0.422
2.01 0.421
2.02 0.419
2.03 0.417
2.04 0.415
2.05 0.413
2.06 0.41
2.07 0.407
2.08 0.403
2.09 0.399
2.1 0.395
2.11 0.39
2.12 0.386
2.13 0.381
2.14 0.375
2.15 0.37
2.16 0.364
2.17 0.358
2.18 0.351
2.19 0.345
2.2 0.338
2.21 0.331
2.22 0.323
2.23 0.316
2.24 0.308
2.25 0.3
2.26 0.292
2.27 0.284
2.28 0.276
2.29 0.267
2.3 0.259
2.31 0.25
2.32 0.241
2.33 0.233
2.34 0.224
2.35 0.215
2.36 0.206
2.37 0.197
2.38 0.188
2.39 0.179
2.4 0.17
2.41 0.161
2.42 0.152
2.43 0.143
2.44 0.135
2.45 0.126
2.46 0.117
2.47 0.109
2.48 0.101
2.49 0.093
2.5 0.085
2.51 0.077
2.52 0.069
2.53 0.061
2.54 0.054
2.55 0.047
2.56 0.04
2.57 0.034
2.58 0.027
2.59 0.021
2.6 0.015
2.61 0.009
2.62 0.004
2.63 -0.001
2.64 -0.006
2.65 -0.01
2.66 -0.014
2.67 -0.018
2.68 -0.022
2.69 -0.025
2.7 -0.028
2.71 -0.03
2.72 -0.033
2.73 -0.034
2.74 -0.036
2.75 -0.037
2.76 -0.038
2.77 -0.038
2.78 -0.039
2.79 -0.038
2.8 -0.038
2.81 -0.037
2.82 -0.036
2.83 -0.034
2.84 -0.032
2.85 -0.03
2.86 -0.027
2.87 -0.024
2.88 -0.021
2.89 -0.017
2.9 -0.013
2.91 -0.009
2.92 -0.004
2.93 0.001
2.94 0.006
2.95 0.011
2.96 0.017
2.97 0.023
2.98 0.03
2.99 0.036
3.0 0.043
3.01 0.05
3.02 0.057
3.03 0.065
3.04 0.072
3.05 0.08
3.06 0.088
3.07 0.096
3.08 0.105
3.09 0.113
3.1 0.122
3.11 0.131
3.12 0.14
3.13 0.148
3.14 0.158
3.15 0.167
3.16 0.176
3.17 0.185
3.18 0.194
3.19 0.203
3.2 0.213
3.21 0.222
3.22 0.231
3.23 0.24
3.24 0.249
3.25 0.258
3.26 0.267
3.27 0.276
3.28 0.285
3.29 0.294
3.3 0.302
3.31 0.31
3.32 0.319
3.33 0.327
3.34 0.335
3.34 0.335
3.35 0.342
3.36 0.35
3.37 0.357
3.38 0.364
3.39 0.371
3.4 0.378
3.41 0.384
3.42 0.39
3.43 0.396
3.44 0.401
3.45 0.407
3.46 0.412
3.47 0.416
3.48 0.421
3.49 0.425
3.5 0.429
3.51 0.432
3.52 0.435
3.53 0.438
3.54 0.441
3.55 0.443
3.56 0.445
3.57 0.446
3.58 0.447
3.59 0.448
3.6 0.448
3.61 0.448
3.62 0.448
3.63 0.448
3.64 0.447
3.65 0.445
3.66 0.444
3.67 0.442
3.68 0.44
3.69 0.437
3.7 0.434
3.71 0.431
3.72 0.427
3.73 0.423
3.74 0.419
3.75 0.414
3.76 0.409
3.77 0.404
3.78 0.399
3.79 0.393
3.8 0.387
3.81 0.381
3.82 0.374
3.83 0.367
3.84 0.36
3.85 0.353
3.86 0.345
3.87 0.338
3.88 0.33
3.89 0.322
3.9 0.313
3.91 0.305
3.92 0.296
3.93 0.287
3.94 0.278
3.95 0.269
3.96 0.26
3.97 0.251
3.98 0.242
3.99 0.232
4.0 0.223
4.01 0.213
4.02 0.204
4.03 0.194
4.04 0.184
4.05 0.175
4.06 0.165
4.07 0.156
4.08 0.146
4.09 0.137
4.1 0.127
4.11 0.118
4.12 0.109
4.13 0.1
4.14 0.091
4.15 0.082
4.16 0.073
4.17 0.065
4.18 0.056
4.19 0.048
4.2 0.04
4.21 0.032
4.22 0.025
4.23 0.017
4.24 0.01
4.25 0.003
4.26 -0.003
4.27 -0.01
4.28 -0.016
4.29 -0.022
4.3 -0.027
4.31 -0.033
4.32 -0.037
4.33 -0.042
4.34 -0.046
4.35 -0.05
4.36 -0.054
4.37 -0.057
4.38 -0.061
4.39 -0.063
4.4 -0.066
4.41 -0.068
4.42 -0.069
4.43 -0.071
4.44 -0.072
4.45 -0.072
4.46 -0.072
4.47 -0.072
4.48 -0.072
4.49 -0.071
4.5 -0.07
4.51 -0.069
4.52 -0.067
4.53 -0.065
4.54 -0.063
4.55 -0.06
4.56 -0.057
4.57 -0.053
4.58 -0.05
4.59 -0.046
4.6 -0.042
4.61 -0.037
4.62 -0.032
4.63 -0.027
4.64 -0.022
4.65 -0.016
4.66 -0.011
4.67 -0.004
4.68 0.002
4.69 0.008
4.7 0.015
4.71 0.022
4.72 0.029
4.73 0.036
4.74 0.044
4.75 0.051
4.76 0.059
4.77 0.066
4.78 0.074
4.79 0.082
4.8 0.09
4.81 0.099
4.82 0.107
4.83 0.115
4.84 0.123
4.85 0.131
4.86 0.14
4.87 0.148
4.88 0.156
4.89 0.164
4.9 0.173
4.91 0.181
4.92 0.189
4.93 0.197
4.94 0.204
4.95 0.212
4.96 0.22
4.97 0.227
4.98 0.234
4.99 0.241
5.0 0.248
5.01 0.255
5.02 0.262
5.03 0.268
5.04 0.274
5.05 0.28
5.06 0.286
5.07 0.291
5.08 0.297
5.09 0.301
5.1 0.306
5.11 0.311
5.12 0.315
5.13 0.318
5.14 0.322
5.15 0.325
5.16 0.328
5.17 0.331
5.18 0.333
5.19 0.335
5.2 0.337
5.21 0.338
5.22 0.339
5.23 0.339
5.24 0.34
5.25 0.34
5.26 0.339
5.27 0.338
5.28 0.337
5.29 0.336
5.3 0.334
5.31 0.332
5.32 0.33
5.33 0.327
5.34 0.324
5.35 0.32
5.36 0.317
5.37 0.312
5.38 0.308
5.39 0.303
5.4 0.298
5.41 0.293
5.42 0.287
5.43 0.281
5.44 0.275
5.45 0.269
5.46 0.262
5.47 0.255
5.48 0.248
5.49 0.24
5.5 0.232
5.51 0.225
5.52 0.216
5.53 0.208
5.54 0.199
5.55 0.191
5.56 0.182
5.57 0.173
5.58 0.164
5.59 0.154
5.6 0.145
5.61 0.135
5.62 0.126
5.63 0.116
5.64 0.106
5.65 0.096
5.66 0.086
5.67 0.076
5.68 0.066
5.69 0.056
5.7 0.047
5.71 0.037
5.72 0.027
5.73 0.017
5.74 0.007
5.75 -0.003
5.76 -0.012
5.77 -0.022
5.78 -0.031
5.79 -0.041
5.8 -0.05
5.81 -0.059
5.82 -0.068
5.83 -0.076
5.84 -0.085
5.85 -0.093
5.86 -0.101
5.87 -0.109
5.88 -0.117
5.89 -0.124
5.9 -0.131
5.91 -0.138
5.92 -0.145
5.93 -0.151
5.94 -0.157
5.95 -0.163
5.96 -0.169
5.97 -0.174
5.98 -0.179
5.99 -0.184
6.0 -0.188
6.01 -0.192
6.02 -0.196
6.03 -0.199
6.04 -0.202
6.05 -0.205
6.06 -0.207
6.07 -0.209
6.08 -0.211
6.09 -0.212
6.1 -0.213
6.11 -0.214
6.12 -0.214
6.13 -0.214
6.14 -0.214
6.15 -0.213
6.16 -0.212
6.17 -0.211
6.18 -0.209
6.19 -0.207
6.2 -0.205
6.21 -0.202
6.22 -0.199
6.23 -0.196
6.24 -0.192
6.25 -0.188
6.26 -0.184
6.27 -0.18
6.28 -0.175
6.29 -0.17
6.3 -0.165
6.31 -0.16
6.32 -0.154
6.33 -0.149
6.34 -0.143
6.35 -0.136
6.36 -0.13
6.37 -0.123
6.38 -0.117
6.39 -0.11
6.4 -0.103
6.41 -0.095
6.42 -0.088
6.43 -0.081
6.44 -0.073
6.45 -0.065
6.46 -0.058
6.47 -0.05
6.48 -0.042
6.49 -0.035
6.5 -0.027
6.51 -0.019
6.52 -0.011
6.53 -0.003
6.54 0.004
6.55 0.012
6.56 0.02
6.57 0.027
6.58 0.035
6.59 0.042
6.6 0.05
6.61 0.057
6.62 0.064
6.63 0.071
6.64 0.077
6.65 0.084
6.66 0.09
6.66 0.09
6.67 0.097
6.68 0.103
6.69 0.108
6.7 0.114
6.71 0.119
6.72 0.124
6.73 0.129
6.74 0.134
6.75 0.138
6.76 0.142
6.77 0.146
6.78 0.149
6.79 0.153
6.8 0.156
6.81 0.158
6.82 0.16
6.83 0.162
6.84 0.164
6.85 0.165
6.86 0.166
6.87 0.167
6.88 0.167
6.89 0.167
6.9 0.167
6.91 0.166
6.92 0.165
6.93 0.164
6.94 0.162
6.95 0.16
6.96 0.158
6.97 0.155
6.98 0.152
6.99 0.149
7.0 0.145
7.01 0.141
7.02 0.137
7.03 0.133
7.04 0.128
7.05 0.123
7.06 0.117
7.07 0.111
7.08 0.105
7.09 0.099
7.1 0.093
7.11 0.086
7.12 0.079
7.13 0.071
7.14 0.064
7.15 0.056
7.16 0.048
7.17 0.04
7.18 0.032
7.19 0.023
7.2 0.015
7.21 0.006
7.22 -0.003
7.23 -0.012
7.24 -0.021
7.25 -0.03
7.26 -0.04
7.27 -0.049
7.28 -0.059
7.29 -0.068
7.3 -0.078
7.31 -0.088
7.32 -0.097
7.33 -0.107
7.34 -0.117
7.35 -0.126
7.36 -0.136
7.37 -0.145
7.38 -0.155
7.39 -0.164
7.4 -0.173
7.41 -0.183
7.42 -0.192
7.43 -0.201
7.44 -0.21
7.45 -0.218
7.46 -0.227
7.47 -0.235
7.48 -0.243
7.49 -0.251
7.5 -0.259
7.51 -0.267
7.52 -0.274
7.53 -0.281
7.54 -0.288
7.55 -0.295
7.56 -0.301
7.57 -0.308
7.58 -0.313
7.59 -0.319
7.6 -0.324
7.61 -0.329
7.62 -0.334
7.63 -0.339
7.64 -0.343
7.65 -0.347
7.66 -0.35
7.67 -0.353
7.68 -0.356
7.69 -0.359
7.7 -0.361
7.71 -0.363
7.72 -0.365
7.73 -0.366
7.74 -0.367
7.75 -0.368
7.76 -0.368
7.77 -0.368
7.78 -0.367
7.79 -0.367
7.8 -0.366
7.81 -0.364
7.82 -0.363
7.83 -0.361
7.84 -0.358
7.85 -0.356
7.86 -0.353
7.87 -0.35
7.88 -0.346
7.89 -0.343
7.9 -0.339
7.91 -0.334
7.92 -0.33
7.93 -0.325
7.94 -0.32
7.95 -0.314
7.96 -0.309
7.97 -0.303
7.98 -0.297
7.99 -0.291
8.0 -0.285
8.01 -0.278
8.02 -0.271
8.03 -0.264
8.04 -0.257
8.05 -0.25
8.06 -0.243
8.07 -0.235
8.08 -0.228
8.09 -0.22
8.1 -0.212
8.11 -0.205
8.12 -0.197
8.13 -0.189
8.14 -0.181
8.15 -0.173
8.16 -0.165
8.17 -0.157
8.18 -0.149
8.19 -0.141
8.2 -0.133
8.21 -0.125
8.22 -0.118
8.23 -0.11
8.24 -0.102
8.25 -0.095
8.26 -0.087
8.27 -0.08
8.28 -0.073
8.29 -0.066
8.3 -0.059
8.31 -0.052
8.32 -0.046
8.33 -0.04
8.34 -0.034
8.35 -0.028
8.36 -0.022
8.37 -0.016
8.38 -0.011
8.39 -0.006
8.4 -0.002
8.41 0.003
8.42 0.007
8.43 0.011
8.44 0.015
8.45 0.018
8.46 0.021
8.47 0.024
8.48 0.026
8.49 0.028
8.5 0.03
8.51 0.032
8.52 0.033
8.53 0.034
8.54 0.034
8.55 0.035
8.56 0.035
8.57 0.034
8.58 0.033
8.59 0.032
8.6 0.031
8.61 0.029
8.62 0.027
8.63 0.025
8.64 0.022
8.65 0.02
8.66 0.016
8.67 0.013
8.68 0.009
8.69 0.005
8.7 0.0
8.71 -0.004
8.72 -0.009
8.73 -0.015
8.74 -0.02
8.75 -0.026
8.76 -0.032
8.77 -0.038
8.78 -0.044
8.79 -0.051
8.8 -0.058
8.81 -0.065
8.82 -0.072
8.83 -0.08
8.84 -0.087
8.85 -0.095
8.86 -0.103
8.87 -0.111
8.88 -0.119
8.89 -0.127
8.9 -0.136
8.91 -0.144
8.92 -0.153
8.93 -0.161
8.94 -0.17
8.95 -0.179
8.96 -0.187
8.97 -0.196
8.98 -0.205
8.99 -0.214
9.0 -0.222
9.01 -0.231
9.02 -0.24
9.03 -0.248
9.04 -0.257
9.05 -0.265
9.06 -0.273
9.07 -0.282
9.08 -0.29
9.09 -0.298
9.1 -0.306
9.11 -0.313
9.12 -0.321
9.13 -0.328
9.14 -0.335
9.15 -0.342
9.16 -0.349
9.17 -0.356
9.18 -0.362
9.19 -0.368
9.2 -0.374
9.21 -0.38
9.22 -0.385
9.23 -0.39
9.24 -0.395
9.25 -0.4
9.26 -0.404
9.27 -0.408
9.28 -0.412
9.29 -0.415
9.3 -0.419
9.31 -0.422
9.32 -0.424
9.33 -0.426
9.34 -0.428
9.35 -0.43
9.36 -0.431
9.37 -0.432
9.38 -0.433
9.39 -0.434
9.4 -0.434
9.41 -0.433
9.42 -0.433
9.43 -0.432
9.44 -0.431
9.45 -0.429
9.46 -0.427
9.47 -0.425
9.48 -0.423
9.49 -0.42
9.5 -0.417
9.51 -0.414
9.52 -0.41
9.53 -0.406
9.54 -0.402
9.55 -0.398
9.56 -0.393
9.57 -0.388
9.58 -0.383
9.59 -0.377
9.6 -0.371
9.61 -0.365
9.62 -0.359
9.63 -0.353
9.64 -0.346
9.65 -0.339
9.66 -0.332
9.67 -0.325
9.68 -0.318
9.69 -0.31
9.7 -0.303
9.71 -0.295
9.72 -0.287
9.73 -0.279
9.74 -0.271
9.75 -0.262
9.76 -0.254
9.77 -0.246
9.78 -0.237
9.79 -0.229
9.8 -0.22
9.81 -0.212
9.82 -0.203
9.83 -0.194
9.84 -0.186
9.85 -0.177
9.86 -0.169
9.87 -0.16
9.88 -0.152
9.89 -0.144
9.9 -0.135
9.91 -0.127
9.92 -0.119
9.93 -0.111
9.94 -0.103
9.95 -0.096
9.96 -0.088
9.97 -0.081
9.98 -0.074
